5 6437724.3 25560
4 4263094.98 142560
4 2546294.4 5292
3 2247276.24 5508
2 3564 414
2 3564 540
2 1618.2 702
2 2783.7 720
2 2698.2 756
4 14040 900
2 6399 1116
2 8262 1134
4 1242 1134
2 3582 1170
2 630 1260
2 4122 1314
2 630 1314
2 3600 1350
2 56799 1368
2 11052 1368
2 198160.56 1404
2 159567.84 1404
2 2158.2 1440
2 1980 1440
2 1530 1440
2 855 1530
2 4637.7 1566
2 4482 1566
2 2338.2 1566
2 6447.6 1584
2 11519.1 1620
2 1602 1620
2 5004 1638
2 810 1638
2 5062.5 1656
5 12850.2 1764
2 3222 1764
2 6642 1836
2 5395.5 1836
2 4500 1836
2 899.1 1836
2 14125.5 1872
2 2700 1872
2 2124 1944
2 37620 1962
2 4291.92 1962
2 2451.6 1962
2 1764 1962
4 3564 1980
2 17100 2016
2 7200 2070
2 3595.5 2070
2 5220 2088
2 1258.2 2142
2 170740.26 2160
2 8082 2160
2 4482 2160
2 3058.2 2160
2 2502 2160
4 1078.2 2160
2 360 2160
4 9693 2178
3 1063040.94 2196
2 22140 2196
3 13086 2196
2 2070 2196
2 18540 2250
2 3391.56 2250
2 3582 2286
2 8963.1 2358
2 17074.44 2376
2 14397.84 2376
2 27089.1 2448
2 24687 2448
4 531 2448
5 27000 2484
2 5562 2484
2 1619.1 2574
2 7132.5 2592
2 1798.2 2628
2 4732.2 2664
2 8460 2790
2 2879.1 2862
2 1161 2898
2 1134 2916
4 1280776.86 2934
2 4491 3114
2 4122 3114
2 3582 3114
2 2610 3114
4 4139.1 3186
2 72846 3348
4 1062 3600
2 2519.1 3636
2 1439.1 3762
4 114598.62 3906
4 7491.42 3924
2 1512 4122
2 650.7 4140
2 4500 4194
4 1080 4230
4 1227350.16 4392
4 1170 4500
2 13698 4554
2 20358 4698
2 4482 4788
2 22420.8 4878
4 58482 5058
3 2700 5202
2 77958 5256
2 20320.2 5382
4 10573.2 5994
4 30330 6138
2 4068 6354
2 1242 6570
2 82048.5 6876
4 19332 7254
2 450040.86 8568
2 90000 8568
4 20196 8892
4 9640.44 9018
2 58737.6 9126
5 53105.94 9396
2 107991.54 9486
4 12870 9540
2 24199.38 9666
4 4500 10566
4 9414 11124
4 15120 11232
4 4545 11268
4 10080 11340
4 1764 11340
4 70074 11376
2 30384 11466
4 21528 11538
5 10764 11952
4 16189.56 12186
2 1800 12294
4 8383.5 12330
4 1081.8 12330
4 49896 12384
4 9575.1 12420
4 51354 12834
5 28962 12888
4 8532 13122
4 29250 13680
4 1530 14274
4 5332.5 14724
1 15309 14922
4 5218.2 15534
5 568943.1 16074
4 8506.8 16110
5 23310 16326
2 1914172.38 16884
4 14400 17190
3 85212 20196
4 5608.8 20322
1 1422 20790
1 2880 21060
2 898.2 21132
4 1062 21672
4 53343.36 22662
4 2610 23238
4 282082.5 24300
4 28710 24894
4 3762 25236
4 488376 25344
2 63649.44 27468
4 6003 27648
5 9450 27954
1 11277 28890
1 67232.34 30186
4 1800 30186
4 43171.92 31770
4 7200 32922
4 74389.68 32976
1 20250 33300
4 25894.8 33480
1 3419.1 34020
6 49806 34740
3 35474.4 35190
4 3582 35550
4 2682 35550
4 20476.8 36342
2 687905.28 38178
4 1176068.88 39276
1 22388.76 42084
4 5911.2 42192
1 899.1 42786
2 430962.48 43110
4 5229 44586
4 4194 44784
4 3150 45108
5 25834.86 46062
5 72533.34 46890
4 2502 47070
4 79541.46 47178
4 8622 47844
4 2700 48438
1 4586.04 48690
4 5742 50760
2 2803.5 51588
4 3150 52200
4 57600 52614
4 45180.72 53082
4 4410 53748
1 21276 54000
4 9555.84 55818
2 1602 60858
5 75135.96 61470
4 6012 61920
4 450 61920
4 5922 62550
4 6908.04 62694
4 7074 64710
4 848053.8 64872
4 47263.5 64872
5 21063.42 65196
4 7272391.86 66294
4 2723675.04 67104
1 36819.72 67302
1 4680 70758
4 10719.54 70884
4 1575 71406
4 900 71406
6 34469.28 71424
4 41958 74412
2 53118 75024
4 2196 75906
4 31560.48 77346
4 29129.04 77418
1 45828 77472
1 2879.64 78408
1 2879.64 78408
4 13050 78804
4 898.2 78804
4 540 78858
4 5796 79704
4 172302.3 84744
1 23310 85950
4 12150 86238
2 39302.64 88542
1 8424 89028
4 1440 90954
4 36936.9 91980
4 34274.34 93114
4 1620 95256
4 5954.4 97254
2 13590 98262
2 26525.34 100818
4 10926 101988
4 12493.98 104058
2 212391.36 104094
2 3510 108288
4 2771.1 109674
1 2250 116874
1 882 116874
4 83269.44 123156
3 9006603.12 123912
4 2700 129546
4 6189.3 130158
2 13830.3 140904
4 589756.14 154692
4 22652.46 159534
2 1478.34 177012
4 1530 183438
2 4464 189558
4 202034.34 190638
1 1710 197334
4 26917.92 197622
4 5207.58 213336
4 1260 217350
4 125965.08 221364
4 2250 228384
4 12056.76 230094
4 13651.2 237636
4 6605.1 241452
4 3026687.04 251946
2 3510 252288
2 9000 256554
4 33809.04 265284
4 663020.64 274806
4 12510 274806
4 3222 274806
4 1451042.1 276012
5 86958 332946
4 108270 336276
4 12386.52 337554
4 71028.9 338022
1 1220569.74 357390
4 26936.82 370440
4 9450 376596
4 529533.36 400932
1 350595 460944
4 5400 462078
4 4500 462078
4 1170 509382
4 6300 532476
4 1962 540342
4 493236 733446
4 5364 750600
4 42446.7 873810
4 3150 1045512
4 21600 1365138
4 30366 1648818
1 37327.5 1658538
1 109553.58 1679976
6 180000 2182446
6 10827491.94 48438
3 4240733.4 4446
4 83521.8 306
2 2160 450
2 2898 540
4 449.1 720
4 20736.36 864
4 42917.4 882
2 2691 900
2 2862 936
2 882 936
2 46642.5 1044
2 83580.66 1260
2 5220 1260
4 2610 1260
2 6298.2 1350
2 4500 1350
2 35802 1368
2 4230 1386
4 18466.2 1404
2 3942 1440
2 11250 1458
2 1259.1 1512
2 1260 1566
2 1800 1620
2 60660 1638
2 22463.1 1656
2 3178.26 1692
6 204879.6 1710
2 5531.4 1782
4 55242 1800
2 8226 1818
2 1422 1854
2 20448 1872
2 10962 1872
2 9690.3 1872
2 9864 1962
2 6111 1962
2 2484 1962
2 11514.78 1998
2 7164 2016
2 12582 2034
2 9882 2070
4 3839.4 2070
2 3600 2070
2 3510 2070
4 1305568.8 2088
2 4500 2142
2 22333.5 2160
2 4050 2178
2 2985.12 2250
2 6462 2304
2 3239.1 2340
2 49356 2358
2 1242 2358
2 3042 2448
2 6156 2466
2 899.1 2538
2 13302 2592
2 12214.8 2592
2 2879.1 2592
2 2700 2592
2 2322 2664
2 20577.24 2682
2 4500 2826
2 11158.2 2898
2 3024 2898
4 1350 2898
2 33390 2934
2 2752.2 3078
2 2520 3150
2 2335.5 3186
2 3297.6 3330
2 3236.4 3510
4 4212 3528
2 1422 3546
2 3405.6 3600
2 11340 3618
2 15390 3636
2 5850 3636
2 1800 3636
2 10530 3744
2 3564 3780
2 2430 3906
2 661.5 3942
2 5364 3978
2 720 4140
2 3591 4158
4 5417.82 4176
4 2700 4500
2 1791 4554
2 5244.3 4590
4 13950 4662
2 31982.22 4878
4 6444 4878
2 1979.1 4932
4 3420 4950
4 37419.3 5058
4 11376 5058
4 1439.1 5184
4 6084 5454
2 18684 5724
2 4122 6102
2 60280.74 6156
2 45342 6246
2 32377.5 6588
2 32508 6696
2 22423.5 7272
2 36106.74 9018
2 1058550.66 9234
2 17298 9270
6 48762 9468
2 14234.4 10224
4 34687.08 10332
4 16620.3 10350
4 9810 11466
2 31995 11754
4 9000 12582
4 2666.34 13050
2 179795.88 13338
4 12150 13428
4 8910 14184
4 4140 14274
4 4860 14760
4 900 14760
3 322369.2 15534
4 3222 15912
4 61939.8 15984
4 9000 16200
4 3420 16578
4 7200 16614
4 2070 16614
4 2682 17694
4 3960 18000
4 1350 18792
3 127882.98 19620
4 2700 19998
4 24038.46 20826
4 1579913.28 21096
4 14913 21204
4 12060 22500
4 35466.3 22554
4 8852.4 22662
1 14963.58 24858
1 19831.5 25722
4 1616917.86 25902
1 2682 26316
2 900 26784
4 900 26784
4 1944 30060
2 4644 32976
4 32943.24 34812
4 3222 36774
4 18000 39852
4 1637163.36 41508
4 57711.6 42642
4 1728 45990
4 1717.2 45990
4 21236.4 46080
4 4482 46980
4 2160 47070
4 1530 47070
4 1242 47070
5 3600 48384
4 25650 51588
4 1439.1 51588
4 810 51588
4 720 51588
4 1602 52200
4 5382 53082
4 3402 53082
1 36000 53208
4 14632.38 53514
4 28800 54630
4 126820.8 56214
4 380364.84 57600
2 8946 60372
4 35640 61920
4 9846 61920
4 2160 61920
4 6642 62550
4 277810.56 62838
4 1980 64224
2 34632 64494
1 89134.92 65178
4 44318.16 65736
2 26226 65970
4 6893.1 65970
4 22006.8 67302
1 3042 67302
2 2682 67320
4 1154344.14 68058
4 42385.5 69120
4 3231 70758
4 2961 72072
4 3519.54 74358
4 368555.22 76014
1 4585.5 78408
1 4585.5 78408
1 4585.5 78408
1 4500 78408
4 11912.04 78858
4 4050 79794
1 2142 80532
4 224845.2 80622
1 13037.04 85950
4 665581.32 86256
4 5202 90810
4 8236.8 92124
5 2772.9 92232
4 82685.7 92376
4 2700 93096
4 4536 93762
6 22916.7 97524
4 68022 98460
4 165528 99756
4 11819.7 100422
4 109944 102168
4 38257.02 102924
4 37395 106758
4 20547.18 107028
4 2312278.02 108828
4 462240 109350
1 8100 116874
1 5850 116874
1 3510 116874
4 3375 118674
4 2700 137016
4 12668.4 139302
4 2421 141336
4 427489.02 141606
4 7019.82 142542
4 6221.7 143316
4 61498.62 143568
4 1583464.86 149310
4 291871.8 153486
4 10575 154368
4 17008.56 158580
4 15372 159480
4 39024 166284
4 6912 168012
4 6298.74 185742
2 7720523.28 186570
4 12197.16 187344
4 299484.36 190638
2 79767.72 199026
4 218040.3 207810
4 356418.9 209628
4 222198.3 214308
4 803377.62 228690
4 9000 232740
4 1139.4 233784
4 15300 247770
4 11070 260334
4 8010 274806
4 11394 281772
4 156708.54 291402
4 1170 313596
5 1630290.96 332946
5 78961.32 332946
4 635092.38 387936
1 205614 451422
4 12668.94 466380
4 26208 506484
4 129728.7 540846
4 3268012.14 696312
2 2682 750600
4 4141.08 1365138
1 3800929.86 1035918
3 2410377.84 3492
6 100089.18 180
2 3582 288
2 7776 828
2 1620 900
2 6642 1062
2 12150 1098
2 8478 1260
2 1782 1260
4 1440 1260
2 2789.1 1314
2 3398.4 1332
2 18432 1350
2 5517 1368
2 3411 1404
2 2338.2 1404
2 10800 1440
2 8711.1 1440
2 6249.6 1440
2 1620 1440
4 36000 1458
2 2160 1458
2 701.1 1458
2 2502 1494
2 784624.32 1512
2 1170 1548
2 2699.1 1566
2 719.1 1566
2 20376 1620
2 3564 1638
2 5382 1656
2 3042 1656
2 2084.4 1656
2 1174.5 1656
2 1093.5 1656
2 719.1 1710
2 23418 1836
4 2862 1854
2 1350 1854
2 6030 1872
2 2339.1 1926
2 9316.44 1962
2 3564 1962
2 2790 1962
2 3621.6 2016
2 3600 2052
2 2682 2052
2 11700 2070
2 1800 2070
2 4662 2160
4 1242 2214
2 8820 2250
4 2250 2250
2 2682 2268
2 6300 2358
2 1530 2376
2 2518.2 2394
4 2322 2448
2 8991 2484
2 5742 2484
2 31824 2520
2 6030 2538
2 2997 2538
2 2700 2556
2 2682 2592
2 900 2592
2 1439.1 2646
2 1440 2754
2 6025.5 2808
2 9340.2 2826
2 1782 2826
2 765 2826
2 12006 2844
2 2322 2844
2 8639.1 2862
2 18360 2880
2 8100 2898
4 90000 3006
4 2230.2 3006
2 5400 3150
2 1188 3276
2 6984 3366
2 3807 3366
2 33773.94 3492
2 3564 3546
4 10175.4 3564
4 4644 3600
3 19422 3618
2 7164 3636
2 2339.1 3636
2 2158.2 3636
2 1764 3744
4 150562.98 3834
4 2700 3906
2 40770 3924
2 7200 3924
4 3600 3924
2 31345.2 4122
2 2700 4140
4 2700 4212
2 12962.34 4230
2 1137947.04 4284
4 25348.32 4500
2 1791 4554
2 4482 4644
2 3105 4680
4 2502 4680
2 8775 4698
2 3564 4860
2 42210 4986
2 20182.32 5256
2 9090 5544
3 7499.7 5670
2 1530 5724
4 26959.5 5832
6 6666.48 5976
2 34038.9 6012
2 1800 6012
2 22500 6048
2 18000 6048
2 17280 6048
2 4122 6426
4 15968.34 6714
2 14400 7326
2 263238.84 8352
3 5742 8748
3 90863.82 9216
2 3564 10980
5 4842 11952
4 29052 12042
4 719.1 12240
4 667.98 12348
6 264726.72 12438
4 7470 13428
4 2466 13428
2 71411.76 13518
4 7164 13680
2 10800 13734
2 39656.34 15912
6 56677.5 17604
4 2614.5 18000
4 2430 18000
4 29689.56 18810
5 126642.96 19008
2 7758 19368
4 2340 19926
4 6300 20016
2 2540.7 20124
4 8568 20322
5 18000 20808
4 2610 21060
1 16200 23850
4 114853.5 24966
4 1728 25182
4 16236 25848
4 1440 26784
5 7326 27954
1 8982 28494
4 2502 29412
4 2862 29772
4 116364.6 29844
5 12798 30240
4 5490 30240
1 8910 30852
2 265739.76 31284
2 20804.22 31410
4 407710.98 32706
2 51060.78 33228
4 5083.74 33930
4 482544 34506
4 89547.66 34848
4 223417.08 35352
1 900 35694
2 1302244.02 38934
6 135910.98 39006
3 75822.84 39726
4 1780.2 40770
4 31302 40968
4 897462.72 41274
4 38135.34 42354
1 3055.5 42786
4 993915.9 44082
5 234093.6 46062
4 1764 47070
2 188894.34 49122
1 30371.94 54936
1 7683.3 54936
2 26621.46 55062
3 30448.8 55548
3 16671.78 56520
4 640926 57438
4 5604.84 57762
4 4733.64 58770
2 1710 58806
4 9000 61920
4 16956 62370
1 3582 63360
4 44730 64710
4 233776.62 65826
4 90000 65844
4 1350 67320
4 2160 70758
4 151708.86 74052
6 32465.34 75906
4 2159.1 75924
1 4576.5 78408
4 5328 78804
4 3595.5 80172
4 18000 86058
4 2070 86436
4 4122 88344
4 1260 88344
2 21600 88542
4 5562 93096
4 90000 93708
5 18000 95364
2 6572.7 102042
1 34550.82 104058
1 15941.88 106092
1 2568.6 114894
1 12582 116874
1 3600 116874
4 8442 118962
4 18387 119898
1 2646 121302
4 87982.56 128646
1 2390.04 129798
4 15444 130500
4 61308 133020
4 30915.18 133020
4 3600 133020
2 182997.9 139986
4 1189397.34 142542
4 25740 143316
6 1099.08 149274
6 377624.7 170604
6 13126.5 172638
4 11653.2 182340
4 325582.02 189558
2 6519.42 193680
4 25572.6 217350
4 17766 223362
1 2160 245610
4 12690 256950
1 43843.86 270990
4 4482 274806
5 43406.64 275220
4 15345 275814
4 10080 281772
1 251978.4 306486
1 57039.84 318168
4 132321.96 340506
1 3780 357390
6 109550.16 375246
1 3159 379638
4 2340 404154
4 1782 404154
1 81246.06 429894
4 2070 462258
4 8505 519516
4 2160 540342
4 740.7 588456
4 38364.48 589248
1 73038.24 679068
4 2286.9 732024
5 1319904 841716
1 1426036.14 868608
4 870.48 873810
4 9221.04 1365138
2 58981.32 1658538
4 14167888.2 14220
3 5150466 10278
2 3051 558
3 5706.18 666
4 520863.3 720
2 2790 828
6 37858.5 846
2 1242 1026
4 11610 1044
2 5382 1098
2 17100 1134
2 1800 1206
2 2877.3 1260
2 5184 1314
2 6462 1332
4 5219.1 1368
2 1440 1368
2 3365.1 1422
2 12073.5 1440
2 2555.1 1458
2 5850 1530
5 12042 1566
2 1797.3 1566
2 12402 1602
2 9684 1656
2 6642 1656
2 2385 1656
6 876353.4 1674
2 18000 1692
2 8082 1836
2 6930 1854
2 4842 1872
2 3042 1872
2 720 1908
2 2682 1962
2 50732.1 1980
2 19620 1980
2 16017.3 1980
2 6102 2016
2 11817 2070
2 6533.1 2070
2 3681 2070
2 1710 2070
2 1782 2106
2 18000 2160
2 9623.34 2160
4 4526.1 2160
2 18036 2178
2 1062 2268
2 12492 2286
2 3357 2286
2 2682 2322
2 12924 2340
2 18000 2358
2 9898.2 2394
2 13590 2484
2 2700 2556
2 4896 2610
4 43774.2 2664
2 11475 2718
2 1620 2718
2 8505 2826
3 7034.58 2826
2 4679.1 2826
2 8244 2844
2 2502 2844
2 18000 2898
2 15390 2934
4 3330 2934
2 2879.1 2934
2 11909.88 3006
2 3222 3024
2 8280 3096
2 1170 3096
2 2644.2 3114
4 1710 3186
2 1872 3204
2 10998 3222
2 1242 3600
2 27000 3636
2 85977 3744
3 14145.84 3816
4 5992.2 3906
3 118341 3978
4 332696.34 4050
4 31795.56 4140
2 18000 4302
2 45883.44 4464
2 3582 4464
4 1242 4500
4 45000 5022
4 1890 5040
4 1259.1 5400
2 2085331.68 5490
2 12240 5598
4 4922.1 5598
4 70156.8 5814
4 5400 5814
2 934772.76 6156
2 50703.84 6174
5 400819.14 6246
3 173653.92 6246
2 45000 6246
2 10782 6300
2 8884.44 6300
4 9000 6624
2 4167 6804
2 2700 6894
2 9200.34 7398
4 2862 7524
4 6338.7 7668
5 984114.72 7830
3 1672824.96 8640
4 4961.16 9306
2 94950 9774
2 16164 10980
2 93800.7 11106
4 1078.2 11124
3 45000 11394
5 18000 11394
4 2502 11520
5 2158.2 11952
2 53802 12438
4 2736.9 12582
4 22860 13032
4 1800 13428
4 2862 13680
3 213417 14058
4 5033.7 14364
5 46512 14670
5 1170 14814
1 12474 15030
4 22849.2 15192
4 1439.1 15282
4 5645.7 15462
4 1078.2 15768
4 83727.54 16074
4 18000 16506
4 1799.1 18000
4 8262 18792
4 2700 18792
4 28635.66 19980
1 5921.46 20718
4 14579.1 24858
4 1079.1 25182
4 164583 25848
1 3600 27918
4 15853284 28278
4 90000 28476
4 6642 30186
4 2700 30240
4 2250 30240
3 487950.12 30330
4 345752.1 30690
6 60842.16 31284
6 39049.2 31644
3 128849.22 32922
4 1980 34884
4 5808.78 40050
4 45000 42354
1 3595.5 42786
4 3204 45990
4 18000 46080
4 3239.1 46080
4 3600 47070
4 1800 47844
4 5850 48438
4 88032.42 49842
1 4500 50688
4 13050 51588
4 702 51588
4 18000 52128
1 4589.64 54936
1 37688.04 55080
4 21723.12 55818
4 39384 57438
1 18000 59526
1 4716.36 59526
2 6894.9 60228
2 45000 60264
2 11984.58 60264
4 151430.22 61920
4 7200 62280
4 1170 63072
4 702 63072
4 394589.34 63540
1 5816.34 65394
1 7200 70758
1 3600 70758
4 898.2 71406
4 1258.2 76626
2 36702 77688
1 18982.08 79668
3 3079.44 84546
4 1079.1 88344
1 319792.14 89028
4 24798.96 90450
4 66645.18 93096
4 1426590.72 96696
4 27000 96696
4 3330 98370
4 275244.84 99558
4 12795.84 99558
4 3582 105354
4 64976.22 106038
1 4663.62 106092
1 15558.84 110826
1 8802 110826
1 354403.8 116874
4 15300 117000
2 126042.84 117180
4 2855.34 119106
1 6027.84 120114
4 18000 120834
1 8100 121302
4 229905.54 125892
4 18000 130500
4 78246.36 143316
1 30741.84 143784
1 16877.7 143784
4 10752.84 165510
3 243397.8 168336
4 363898.98 188226
4 1422 189846
6 314299.8 196506
4 50125.68 200880
4 12132 204048
6 898670.16 213948
4 15228 217260
4 4909205.34 223524
1 55562.4 234342
4 13842 250434
5 51282.9 255996
4 673800.12 260334
6 3249702 266346
4 4500 291510
4 88658.46 309420
4 96688.98 318528
4 207692.1 337752
6 336969 343458
4 131429.34 351018
1 2707149.6 363276
4 111568.5 372132
4 599350.32 376596
1 16970.4 379638
1 140303.34 399654
5 231899.76 451764
4 18000 463554
5 90000 482850
4 3600 519516
4 45936 532476
4 2430 540342
4 22500 541152
4 355779.54 560124
2 71703 562896
1 293597.1 653292
1 74044.98 717300
4 5400 750600
1 141056.1 787626
1 51202.44 787626
6 6910966.08 1014570
1 1157351.04 1658538
1 63450 1693404
4 45656521.38 130878
5 2798770.5 98334
2 1800 270
2 14526 576
2 2519.1 684
2 2700 792
2 4050 828
2 32112.9 900
2 3060 900
2 2331 900
2 4138.92 936
6 53334 990
2 7632 990
4 2322 1026
2 2159.1 1026
2 2093.94 1026
2 1080 1026
2 2682 1044
2 24930 1080
2 7200 1098
2 29405.7 1260
2 3456 1260
2 1764 1260
2 10222.2 1314
2 19986.84 1332
2 19656 1350
2 1611 1350
2 4482 1368
6 76891.32 1440
2 8638.2 1440
2 1800 1440
2 3150 1458
2 4465.44 1512
2 2425.5 1512
2 153 1512
2 13500 1566
2 7200 1602
2 899.1 1602
2 2339.1 1656
2 2700 1764
2 900 1764
2 3222 1782
2 2158.2 1782
2 86988.6 1800
2 5220 1800
2 2339.1 1800
2 2520 1854
2 3402 1872
2 1800 1890
4 24321.42 1908
2 36000 1962
2 9900 1962
2 1764 1962
2 36000 1980
2 6210 1998
2 3600 1998
2 24854.4 2070
2 2159.1 2070
4 307611.36 2250
2 4022.1 2250
2 2519.1 2358
2 10764 2448
2 8339.4 2448
2 1962 2556
2 8622 2664
4 8406 2664
2 4482 2664
2 8964 2754
2 3042 2772
2 18000 2826
2 322650.9 2844
2 2880 2844
2 1039.5 2880
2 1782 3114
2 45367.2 3258
2 1035 3276
3 1956.42 3294
4 31848.84 3456
2 21704.4 3546
3 62156.88 3816
3 21278.7 3816
3 10369.44 3816
2 6455.34 3924
1 6298.2 3924
2 18000 4140
2 5535 4302
2 1439.46 4500
2 12024.9 4950
2 69699.6 5328
2 1620 5328
4 33851.7 5400
2 3582 5454
4 77182.2 5508
2 1800 5544
2 17520.66 5598
2 5022 5724
4 9900 5814
2 5310 6048
2 46013.22 6462
2 12402 6498
5 648 7416
2 72000 7578
2 253777.68 7668
2 130874.4 8046
4 2004576.66 8100
2 18667.8 8154
2 7510.5 9486
4 22032 9738
2 80419.14 9900
2 122489.64 11214
4 2700 11322
2 13252.14 11484
3 58301.1 12204
4 12150 12366
4 4617 12492
4 6750 12654
4 22787.1 12690
4 31388.22 13410
5 183210.84 13950
2 60458.04 14382
4 1800 14760
5 9955.8 14814
1 18000 14922
5 146332.08 15192
4 21104.1 15750
2 37233 16686
6 5372.1 18360
3 27289.8 19170
3 6812998.56 19404
4 36000 19548
2 5382 19998
4 2862 19998
2 29023.2 20124
4 8964 20250
3 1962650.16 20646
2 23382 21834
4 14400 22122
4 3600 25182
2 13747.5 26244
2 29412.72 26316
1 26145 26316
4 310641.12 27648
5 21600 27954
2 3042 27954
4 16821 28116
2 54371.88 28638
6 217237.5 28800
1 4482 28890
4 2862 29412
4 6102 29772
4 12978 29844
4 9450 29844
4 2520 29844
4 2160 29844
3 1149660 32166
3 18000 32454
4 10152 32598
1 72000 33678
4 9411.84 33786
4 405 35712
4 15552.18 37836
3 54000 38232
6 202437 38700
4 10584.18 39690
4 3960 40914
2 101245.5 45108
4 803.7 45990
2 18000 46080
5 2322 47016
4 3960 47070
1 4356 47088
1 19257.12 49896
1 5850 49896
2 6570 51588
2 5850 51588
2 1422 51588
4 557292.06 53622
4 6525 54774
2 22851 55062
4 7740 55548
2 18000 55566
4 24411.96 57204
4 44054.64 57510
4 4860 59742
4 27477 60372
1 39966.3 60390
4 20697.84 61920
4 7705.98 62280
1 59742 63360
4 36000 67032
4 765 70758
4 107500.68 72594
4 720 76626
4 45679.5 78642
1 5310 78642
4 36000 78804
4 2630856.06 79254
5 1619.1 81540
4 18000 82026
4 108000 83898
4 108000 84240
1 64062.18 84474
4 12600.18 85374
4 1619.1 90954
5 29444655.42 91278
4 11078.46 93762
4 2700 96048
4 18000 96984
4 5940 97002
4 2700 97938
1 156760.02 106632
4 5039.1 109674
4 54351.9 112464
4 64746 117144
2 8359.2 121482
2 96992.64 121752
4 91161 125586
4 9551702.7 126144
4 8910 133020
4 4950 133884
4 42594.66 136278
4 18000 141210
4 334316.34 148176
1 32491.8 149400
4 10363.5 155052
4 177960.6 155340
4 900 159804
4 18000 163476
4 33280.74 170658
4 2700000 190098
4 6750 192942
4 129475.8 194076
4 113126.4 200718
2 51593.76 202032
4 20469.6 205776
4 15862.5 207378
4 13747.5 207378
1 22169.52 214722
2 72000 214848
4 6453 228312
1 28890.9 228456
4 30610.62 232740
4 34753.32 235062
4 15058.8 236556
1 27115.38 245610
4 36000 253134
1 6536.34 258030
1 17554.5 258930
3 3818.88 263862
2 31246.38 263916
4 2970 274806
4 38574.18 281772
4 18000 311850
4 39555.72 313596
1 209304.54 357210
2 41776.2 383922
4 36000 392454
6 99117 404154
4 2880 404154
2 3744 421650
1 8463.78 435168
4 351615.78 441342
4 5400 462078
4 3528 462078
1 685443.6 489834
1 30144.96 566514
4 2494.8 569376
4 314934.84 589248
6 12075280.2 636642
4 2511 750600
1 49545 775674
6 193302 862650
4 72000 982116
4 1746 1365138
4 86774.4 1396620
5 21389.4 1559574
2 10421.1 522
2 756.18 720
2 12044.34 936
4 5724 936
2 2679.3 936
3 18000 1026
2 3942 1242
2 7614 1278
2 3600 1350
2 1619.1 1440
2 38680.2 1458
2 711 1512
2 1619.1 1566
2 7164 1656
2 2682 1710
2 2682 1746
5 18000 1764
2 8361 1782
2 18000 1836
2 14661 1962
2 6561 2070
2 4822.2 2070
4 1080 2160
2 22237.2 2250
2 18000 2286
2 11880 2376
2 18000 2394
2 1619.1 2448
2 9000 2538
2 1093.5 2628
2 1439.1 2646
4 675 2682
2 17772.3 2880
2 9000 2916
2 2680.2 3096
2 5040 3114
2 24777.9 3726
2 18000 3762
2 9230.22 3762
3 90232.56 3816
3 57967.2 4302
4 97297.38 4554
2 1980 5022
2 20961 5256
4 8280 5400
2 45747.54 5598
2 19898.64 5724
2 4482 6228
2 290634.48 6354
2 1445485.86 7398
4 13237.2 7632
2 141500.52 7722
4 9000 9198
2 60582.06 9612
2 2520 9864
3 19953.18 11196
4 5218.2 11286
2 25938 11358
3 6437196.54 11664
2 90000 11880
4 3092.4 12654
4 30719.34 13050
1 13230 14436
5 13311 14814
4 2151 15282
2 9000 15768
2 33143.4 15966
6 3520.8 16038
5 30464.46 18864
4 51143.4 19998
4 1602 21672
1 10485 26316
4 54000 26370
1 9000 27918
4 290922.84 29466
4 4228.2 30150
4 9684 30240
4 56718.72 31284
4 63869.58 37080
4 6165 37944
4 24534 38520
4 5400 40500
4 45000 46854
4 1800 47070
2 4842 48438
4 90000 48492
4 50994 48636
4 91026 49626
4 104751.9 50400
4 12595.5 59454
2 5850 61920
1 46962 63360
4 9531 66960
4 1768.5 70758
4 308169.9 71820
4 1460545.74 72360
4 45147.6 72648
1 4320 78408
1 1079.1 78408
4 28350.18 82746
4 3150 90576
5 69953.94 92232
4 2880 96714
4 10800 99756
4 27000 101700
1 90000 104058
1 14346 106092
1 8565.84 106632
2 2724819.3 107586
1 616108.5 109368
4 2879.1 109674
4 189982.62 112842
1 18000 116874
1 3222 116874
1 1962 121302
4 1440000 131562
2 295938.18 136458
2 109193.22 138852
4 1774266.48 139302
4 598768.38 144054
4 6090.3 154692
4 463346.82 156924
1 10404 162990
4 22793.4 166284
4 18809.1 175374
2 18000 177786
4 2700000 180594
1 180000 180630
4 15921 181062
4 13747.5 181062
4 18231.3 182880
4 9000 185490
2 180000 192636
1 181035 195804
4 3600000 195912
2 82218.6 201186
4 90000 231966
2 72000 232740
1 236938.5 234342
4 63154.8 235980
4 142733.34 255384
4 748849.86 263448
4 7200 268884
2 3402 274806
4 3222 274806
4 2691 291888
4 27000 300024
4 18000 312984
2 184037.58 351018
1 2089252.62 398736
4 1800 419652
1 36000 443448
4 2700 462078
1 64480.32 501102
1 9000 501102
5 3605959.8 546498
1 14245.2 556992
5 69682.5 562302
5 16697.88 562302
4 3797.1 588456
1 80663.4 622638
4 8640 750600
1 4318.2 791226
4 58154.58 1365138
4 9000 1396620
4 8588754 1648818
2 11160 1836
2 4678.38 6138
4 78564.06 982116
4 251948.16 2070
2 3037.5 2142
2 9072.54 12888
4 45927.9 44640
4 5022 8550
2 1602 5364
4 25560 69156
2 1809 2826
2 4122 2790
2 14022 2070
2 1279.8 6768
2 3978 2466
4 3402 53748
2 3582 4302
4 33822 882
6 69022.08 1014570
2 2700 1476
4 100863 19548
5 180951.12 14670
4 18539.82 131940
2 6102 2232
5 1544903.82 67860
4 2866.68 400140
3 16178.22 53388
4 1440 873810
4 2125.44 86238
3 22500 48510
4 4512.6 20052
4 270 51588
4 26616.6 666414
1 41213.7 1014570
4 1395 76806
1 3582 47088
4 540 26784
2 810 3600
2 2590.2 3096
2 2301.12 1584
4 540 108288
4 2142 1400796
2 1782 522
1 472747.32 211536
4 31896 5022
1 96603.3 223416
2 13950 1242
1 953.1 33678
1 2700 48384
2 7209.54 4788
4 2502 404154
2 1242 1026
4 1242 540342
2 3762 4608
4 4932 15534
5 17406 6228
4 165668.04 173628
2 8406 1566
2 2682 2196
4 305.1 10332
4 899.1 20862
2 3402 3078
2 945 2034
2 18900 2178
2 1799.1 1026
4 393888.42 154692
2 1438.2 2826
4 2430 55548
4 3150 20862
2 2160 2664
2 7703.1 2070
2 10665 5184
4 9723623.04 128232
2 4050 2358
2 2682 1494
4 42034.86 38340
4 27000 243432
4 2880 64710
2 7002 414
4 2250 18000
2 3510 1368
2 325800 1836
2 2406941.46 164772
4 73364.4 224640
4 7727.4 30240
2 7146 2196
2 8554.32 1764
2 1619.1 2070
4 4859.1 109674
2 6840 1836
4 5391 61920
1 14990.4 775674
2 6671.7 918
4 317132.82 24408
4 23382 20520
4 23973.84 389610
2 1800 1656
2 39460.5 319086
4 35107.56 62910
2 1350 2700
4 3600 1400796
4 827953.74 6624
2 3235.5 1548
5 1631998.62 332946
1 2682 426078
2 630 954
4 2304 45990
4 2700 462078
4 1440 18630
4 8469 522
4 4482 3384
4 4647267.36 291510
4 5877 58770
2 3959.1 2160
4 6210 27342
2 24754.68 3564
1 35395.2 32652
4 1782 61920
2 1438.2 1746
4 2034 15282
4 6750 45108
4 7110 1400796
4 9810 756
2 3042 1476
2 8100 3006
2 4668.3 193680
4 33588 78858
2 3564 702
4 118686.24 476622
4 28710 30240
2 2744.82 2610
4 35839.26 114390
2 8550 1044
4 1350 2466
4 26154 1365138
4 450 4266
1 293012.1 197334
4 1350 1800
4 1619.1 135072
2 1602 2988
4 1080 26784
2 899.1 1170
4 2340 1365138
4 5170.5 873810
4 11880 4428
1 3600 367038
4 1349199.54 244530
4 32778 750600
4 304.2 233406
1 2051.1 47088
2 4482 4050
4 17682.3 666414
4 15372 47844
4 17855.64 316854
3 77330.88 23436
2 398674.08 11052
2 29700 2934
4 900 2250
2 19908 1872
4 3186 45990
1 1800 13914
4 2610 274806
2 10131.66 2052
3 91471.86 15012
2 3222 1566
5 48930438.42 275220
1 190541697.84 657828
1 899491.68 657828
4 1078.2 576
2 14040 1458
4 7511762.34 31284
2 5400 1566
4 1377 9612
2 1764 612
4 195426 791640
2 61983 20556
4 8244 4770
2 3079.8 2898
2 63180 1872
2 1258.2 1026
2 1142.1 1026
2 15386.94 3240
4 2835 38304
2 7582.5 3294
4 10629.36 18522
1 15669 34020
4 79200 19170
4 1170 404154
4 2772.9 131994
4 5220 532476
4 6137.28 109656
4 3780 5922
2 1602 522
2 2502 2880
4 24300 133020
2 1854.9 1548
2 1242 1314
2 49837.68 14274
4 1170 14274
2 16470 1440
2 3924 1332
4 40627.8 177426
4 15997.5 72648
2 5310 1098
4 2160 732024
2 4662 1314
2 2862 3330
4 1602 2160
4 1440 14040
2 21330 13590
5 192031.74 332946
1 117423 237708
1 42804 45576
4 3906 92736
4 5332.5 155358
2 810 774
4 3564 47844
2 5760 1566
4 230978.7 192942
4 1539 40752
4 1438.2 7956
2 4323.6 1944
4 51516 96264
4 136057.5 73620
4 5068.62 18738
4 4491 774
4 561570.84 451026
4 21006 35712
6 15767.1 33804
2 1741.5 2268
2 2239.74 2754
2 78790.14 343458
4 13500 22518
4 4842 46980
4 137399.94 221778
2 6140.16 972
1 2682 54000
2 8588.7 3582
2 1258.2 828
2 5431.5 3240
4 45000 4050
4 35264.7 227448
4 2160 8352
6 1307466 119196
2 103053.24 4788
2 133110 122310
5 1682703.18 10998
4 9598.5 61920
1 3626.1 78408
4 3582 14274
6 112104 101718
6 34414.56 23130
4 218225.16 208710
2 3420 2358
4 495131.4 84816
4 6132.42 23850
2 2295 1062
4 30302.1 861804
4 57993.66 101988
2 3328.2 1440
4 4753.8 11340
4 10485 61920
4 271278 381420
2 11520 2970
2 30640.14 9180
4 253369.44 7254
5 2556 8334
4 26612.64 92988
4 11106 126144
3 900 22716
4 13775.94 6174
