5.91E24 1
1.291E24 1
3.36E25 1
9.46E23 1
1.78E24 1
9.8E25 1
1.57E26 1
1.129E26 1
5.54E24 1
2.32E24 1
2.01E26 1
8.01E24 1
1.182E25 1
1.123E25 1
3.31E24 1
6.23E24 1
1.64E24 1
7.45E25 1
1.316E24 1
1.93E25 1
1.192E26 1
6.58E24 1
5.24E24 1
2.3E24 1
1.85E25 1
7.28E23 1
2.39E24 1
8.87E25 1
2.69E25 1
7.07E23 1
2.98E24 1
5.57E24 1
1.294E25 1
8.59E23 1
7.3E23 1
2.54E24 1
3.2E26 1
2.83E24 1
1.64E24 1
1.35E24 1
1.75E24 1
3.18E24 1
9.28E23 1
1.28E25 1
3.19E24 1
2.53E24 1
6.54E23 1
1.91E24 1
6.69E23 1
3.94E24 1
4.85E23 1
9.42E24 1
1.98E24 1
5.32E23 1
1.62E24 1
3.37E24 1
1.235E24 1
1.229E25 1
6.91E24 1
2.01E24 1
7.86E23 1
7.3E23 1
1.198E24 1
4.53E23 1
8.11E23 1
5.39E24 1
2.57E25 1
3.36E24 1
1.56E24 1
1.59E24 1
1.44E25 1
7.12E25 1
1.003E25 1
2.26E24 1
1.44E25 1
7.77E23 1
6.65E23 1
7.44E23 1
7.35E24 1
1.279E24 1
1.314E24 1
2.77E24 1
1.92E24 1
3.38E24 1
4.48E24 1
1.024E24 1
8.19E24 1
2.08E24 1
1.198E24 1
9.92E23 1
8.27E24 1
7.46E24 1
3.68E24 1
1.015E25 1
8.62E23 1
1.33E24 1
2.1E24 1
1.3E24 1
2.81E25 1
1.88E25 1
1.45E25 1
3.77E24 1
8.67E25 1
1.033E25 1
1.26E24 1
1.87E25 1
1.45E25 1
1.61E24 1
2.45E24 1
4.47E24 1
1.87E24 1
2.71E25 1
1.036E28 1
5.11E25 1
8.1E24 1
4.6E23 1
9.98E23 1
3.99E24 1
3.56E24 1
1.8E24 1
1.206E24 1
1.023E24 1
4.44E25 1
3.13E24 1
7.44E25 1
1.349E24 1
1.003E24 1
5.81E25 1
3.82E25 1
1.321E24 1
1.52E24 1
1.289E24 1
3.53E24 1
2.07E24 1
3.73E23 1
2.84E24 1
6.86E23 1
1.015E25 1
1.15E25 1
5.82E23 1
6.1E24 1
1.341E24 1
1.91E24 1
1.488E24 1
8.09E24 1
6.07E25 1
7.67E24 1
1.16E24 1
7.29E23 1
2.75E24 1
7.15E23 1
8.54E24 1
5.81E23 1
6.66E23 1
4.6E23 1
1.54E26 1
6.89E23 1
2.58E25 1
1.37E24 1
2.56E26 1
3.86E24 1
1.62E24 1
2E25 1
1.65E24 1
3.47E24 1
9.84E23 1
8.48E25 1
4.03E23 1
9.67E23 1
2.2E24 1
3.1E23 1
6.68E25 1
9.41E23 1
3.28E24 1
8.14E24 1
3.57E24 1
7.82E23 1
3.26E23 1
1.01E24 1
1.66E24 1
2.24E24 1
9.35E23 1
3.97E23 1
1.159E24 1
2.82E24 1
5.66E24 1
9.98E24 1
6.25E23 1
1.049E24 1
8.5E23 1
5.05E23 1
7.97E23 1
6.11E23 1
6.89E23 1
4.65E23 1
7.7E23 1
5.02E23 1
5.57E23 1
8.32E23 1
8.55E24 1
2.16E24 1
1.233E25 1
1.69E24 1
5.06E24 1
1.143E24 1
1.3E24 1
1.024E25 1
8.12E23 1
9.04E23 1
3.75E23 1
3.76E23 1
3.75E24 1
1.142E24 1
1.402E25 1
2.27E24 1
4.57E26 1
2.14E24 1
3.71E24 1
2.54E25 1
1.79E26 1
2.3E25 1
1.67E25 1
3.87E24 1
6.65E23 1
1.5E24 1
1.51E24 1
2.87E24 1
1.279E25 1
6.03E24 1
1.79E24 1
6.91E23 1
1.37E24 1
6.26E23 1
3.46E24 1
3.77E25 1
4.01E24 1
2.26E24 1
1.57E25 1
1.32E24 1
1.125E24 1
5.84E23 1
2.11E24 1
6.05E23 1
6.69E23 1
4.69E24 1
2.06E24 1
1.067E25 1
6.15E23 1
1.43E24 1
4.04E24 1
8.16E23 1
3.07E26 1
8.25E24 1
1.127E24 1
1.49E24 1
1.52E24 1
9.83E23 1
3.14E24 1
1.236E25 1
8.93E24 1
4.23E23 1
3.13E23 1
6.04E23 1
1.142E25 1
9.6E24 1
1E24 1
1.99E25 1
7.02E23 1
7.47E24 1
4.82E23 1
4.5E23 1
3.81E23 1
1.156E24 1
1.171E25 1
9.47E25 1
1.51E25 1
1.171E25 1
1.036E24 1
4.76E24 1
2.21E24 1
1.89E24 1
4.16E24 1
2.03E25 1
4.72E23 1
5.82E24 1
3.12E24 1
5.71E23 1
3.98E24 1
1.2E24 1
1.294E24 1
2.25E24 1
3.93E23 1
2.46E26 1
4.63E23 1
2.46E26 1
3.61E24 1
1.089E24 1
1.5E25 1
2.21E24 1
5.14E24 1
5.88E23 1
5.59E23 1
1.25E24 1
2.41E24 1
4.67E24 1
3.01E24 1
6.94E23 1
5.72E25 1
7.17E23 1
2.77E24 1
4.02E23 1
1.081E24 1
9.75E23 1
2.17E25 1
6.04E24 1
8.61E23 1
1.95E24 1
2.18E24 1
4.65E23 1
6.31E23 1
5.24E23 1
1.44E24 1
1.175E24 1
5.69E24 1
3.62E24 1
1.045E24 1
9.24E23 1
9.99E23 1
3.47E25 1
4.63E24 1
6.5E23 1
4.49E23 1
2.16E25 1
1.67E24 1
1.135E24 1
6.21E25 1
1.238E24 1
1.113E24 1
1.034E25 1
1.47E24 1
8.15E23 1
5.37E23 1
2.82E23 1
6.47E24 1
1.91E24 1
1.058E24 1
6.2E23 1
2.75E24 1
1.53E24 1
1.414E26 1
1.194E24 1
8.67E23 1
1.64E24 1
1.44E24 1
5.87E24 1
2.18E24 1
3.48E24 1
3.34E25 1
2.15E24 1
2.08E24 1
1.68E24 1
6.77E25 1
7.31E23 1
8.05E27 1
8.51E26 1
8.24E24 1
5.36E24 1
2.85E24 1
8.41E23 1
5.27E24 1
1.76E24 1
2.87E24 1
3.86E23 1
9.54E23 1
3.96E23 1
7.05E24 1
5.99E23 1
5.48E23 1
4.34E23 1
4.62E23 1
2.11E24 1
1.11E25 1
9.93E23 1
7.71E23 1
5.71E23 1
2.1E24 1
5.02E23 1
5.86E23 1
7.37E23 1
7.53E23 1
6.2E23 1
6.73E23 1
1.94E24 1
1.59E24 1
4.4E23 1
3.81E24 1
9.33E23 1
1.12E24 1
7.11E23 1
1.162E26 1
9.28E23 1
7.14E23 1
2.93E24 1
1.91E24 1
3.78E24 1
1.74E24 1
1.155E25 1
4.4E25 1
1.149E24 1
5.58E23 1
5.76E23 1
6.74E24 1
1.47E25 1
2.62E24 1
8.42E23 1
4.62E23 1
6.22E23 1
4.96E25 1
6.55E23 1
7.27E23 1
1.227E24 1
6.04E23 1
7.55E23 1
5.55E23 1
9.91E25 1
1.68E24 1
1.88E24 1
2.98E24 1
5.55E24 1
3.65E23 1
1.198E24 1
7.72E24 1
1.317E24 1
9.71E23 1
7.22E23 1
8.95E23 1
1.106E24 1
1.224E24 1
3.19E23 1
1.59E25 1
7.79E23 1
1.184E24 1
1.56E24 1
1.78E24 1
9.14E23 1
7.12E23 1
3.81E24 1
5.11E23 1
6.92E23 1
1.34E24 1
6.75E23 1
5.72E24 1
9.45E25 1
6.34E23 1
2.72E26 1
4.74E23 1
8.77E23 1
3.61E23 1
4.52E23 1
2.45E25 1
1.53E24 1
5.3E24 1
9.1E24 1
1.01E24 1
2.18E24 1
5.87E23 1
2.29E24 1
6.39E24 1
5.08E25 1
1.307E24 1
6.18E23 1
3.47E26 1
4.99E25 1
4.36E23 1
3.01E24 1
5.59E24 1
1.66E24 1
1.98E25 1
6.91E26 1
6.72E24 1
1.065E25 1
5.27E23 1
3.83E24 1
3.88E24 1
8.05E24 1
4.58E24 1
2.18E24 1
1.24E25 1
3.73E24 1
3.16E24 1
4.71E24 1
1.37E25 1
1.48E24 1
1.098E25 1
3.08E24 1
7.04E23 1
1.126E26 1
4.7E25 1
4.42E26 1
9.7E24 1
6.96E25 1
2.28E27 1
1.2E24 1
5.3E24 1
1.59E25 1
1.161E24 1
2.95E24 1
1.27E25 1
6.19E23 1
1.65E24 1
1.74E25 1
4.45E23 1
6.71E24 1
2.13E24 1
1.043E24 1
7.49E24 1
4.22E24 1
2.55E24 1
2.98E24 1
8.52E23 1
1.74E24 1
1.5E24 1
1.059E24 1
1.39E25 1
4.58E24 1
5.59E26 1
1.48E25 1
4.8E24 1
1.092E24 1
1.44E25 1
8.71E24 1
1.57E24 1
2.29E26 1
6.82E24 1
1.81E24 1
2.19E24 1
2.99E24 1
8.02E23 1
9.38E23 1
5.02E24 1
3.05E24 1
1.25E24 1
1.17E25 1
7.54E25 1
5.27E24 1
1.047E25 1
9.15E23 1
6.41E23 1
1.018E24 1
5.41E23 1
5.31E24 1
5.75E26 1
1.645E25 1
8.56E24 1
1.71E24 1
1.01E24 1
1.34E24 1
9.34E23 1
2.35E25 1
5.21E24 1
1.035E25 1
4.14E24 1
3.62E25 1
1.52E25 1
1.232E25 1
8.48E24 1
6.44E25 1
1.96E24 1
1.154E24 1
2.02E25 1
3.57E24 1
1.29E24 1
8.38E23 1
1.49E24 1
9.63E23 1
1.43E24 1
4.87E24 1
1.431E24 1
1.69E24 1
1.27E24 1
3.95E24 1
1.382E25 1
7.04E24 1
6.86E24 1
1.022E24 1
8.2E23 1
6.7E23 1
7.29E24 1
6.38E26 1
7.21E23 1
7.36E23 1
3.02E24 1
1.4E24 1
4.05E24 1
1.106E24 1
2.12E24 1
3.77E24 1
3.01E25 1
4.51E24 1
4.74E25 1
3.28E23 1
6.91E23 1
1.85E25 1
1.071E25 1
6.19E23 1
8.03E23 1
6.57E23 1
4.98E23 1
2.07E24 1
1.367E24 1
6.42E23 1
4.6E23 1
6.03E23 1
6.75E24 1
2.77E24 1
5.26E24 1
3.84E25 1
6.3E24 1
4.97E24 1
1.8E24 1
2.09E24 1
1.59E24 1
1.61E24 1
5.39E23 1
2.23E24 1
7.16E23 1
3.16E24 1
3.67E25 1
3.11E23 1
1.71E25 1
6.72E24 1
1.297E24 1
3.21E25 1
2.64E23 1
1.051E25 1
1.91E24 1
1.45E24 1
4.77E23 1
4.44E23 1
1.43E24 1
1.52E24 1
8.45E23 1
2.22E24 1
1.047E24 1
2.61E24 1
1.098E24 1
6.92E23 1
1.31E24 1
3.36E23 1
5.68E23 1
6.13E23 1
2.81E25 1
4.18E24 1
3.39E24 1
3.34E24 1
9.05E24 1
6.22E25 1
7.75E23 1
2.94E23 1
6.44E23 1
1.44E24 1
2.14E24 1
3.79E23 1
5.95E23 1
7.74E23 1
1.37E24 1
1.98E24 1
8.38E24 1
3.47E23 1
1.76E24 1
4.61E23 1
1.006E24 1
9.13E23 1
1.5E24 1
1.78E24 1
1.28E24 1
2.19E24 1
1.68E24 1
4.97E24 1
1.77E24 1
4.86E23 1
1.14E24 1
2.05E24 1
6.12E23 1
2.05E24 1
1.136E24 1
2.5E24 1
7.94E24 1
1.43E24 1
3.03E24 1
2.18E24 1
2.79E23 1
8.19E23 1
8.24E23 1
7.78E23 1
8.15E23 1
6.92E23 1
2.63E24 1
7.02E23 1
1.29E24 1
5.54E24 1
5.65E25 1
1.96E24 1
1.29E24 1
1.67E25 1
7.74E24 1
1.26E24 1
7.14E24 1
4.38E23 1
7.15E24 1
7.04E23 1
6.28E23 1
7.74E23 1
9.25E23 1
8.12E23 1
8.57E23 1
1.48E24 1
1.83E24 1
1.43E24 1
3.34E24 1
1.88E24 1
1.87E24 1
3.75E23 1
1.4E24 1
1.224E24 1
1.33E25 1
3.01E24 1
5.46E24 1
1.84E24 1
1.1E24 1
4.81E23 1
1.33E25 1
1.267E24 1
1.6E24 1
4.79E23 1
8.52E23 1
3.28E24 1
1.3E24 1
5.02E23 1
1.93E24 1
9.54E24 1
6.65E23 1
1.51E25 1
2.86E24 1
1.07E24 1
1.127E24 1
6.26E23 1
5.25E23 1
1.98E25 1
8.62E23 1
8.48E23 1
8.59E23 1
4.99E24 1
1.049E25 1
5.28E23 1
1.62E24 1
1.68E24 1
8.13E25 1
1.025E25 1
1.68E24 1
5.41E25 1
3.88E25 1
3.17E25 1
1.85E24 1
1.32E24 1
1.53E26 1
4.15E24 1
2.77E27 1
1.67E24 1
1.72E24 1
1.68E24 1
1.292E24 1
4.81E23 1
1.22E24 1
5.61E24 1
1.224E24 1
5.85E23 1
2.29E23 1
2.32E26 1
2.84E24 1
7.18E24 1
3.67E25 1
1.413E24 1
1.75E24 1
1.06E24 1
4.52E23 1
5.02E24 1
8.05E23 1
1.7E24 1
8.22E23 1
2.76E23 1
1.4E24 1
1.002E24 1
7.39E25 1
1.59E24 1
1.97E25 1
6.23E23 1
2.21E24 1
1.111E24 1
3.21E24 1
1.37E24 1
5.2E24 1
1.163E24 1
1.138E25 1
1.28E25 1
3.89E24 1
2.32E24 1
3.15E24 1
1.76E24 1
1.452E24 1
7.8E23 1
3.5E23 1
4.56E23 1
3.23E23 1
3.74E24 1
1.35E24 1
1.44E24 1
2.64E25 1
8.87E23 1
5.15E24 1
1.54E24 1
5.17E23 1
2.13E24 1
4.04E26 1
1.17E25 1
3.83E24 1
1.244E24 1
3.65E24 1
7.03E24 1
1.98E24 1
4.62E24 1
1.87E25 1
9.71E23 1
4.51E23 1
1.027E25 1
2.98E25 1
7.1E23 1
3.56E24 1
7.56E25 1
2.9E24 1
2.55E25 1
1.141E24 1
8.44E25 1
1.57E24 1
4.12E24 1
3E28 1
9.54E24 1
1.59E25 1
1.058E24 1
5.59E23 1
2.83E24 1
2E24 1
1.125E24 1
1.23E24 1
1.57E24 1
1.11E24 1
1.21E24 1
9.38E26 1
6E23 1
7.56E23 1
4.84E23 1
6.26E23 1
7.09E23 1
7.39E24 1
8.79E23 1
1.397E24 1
1.212E24 1
5.68E23 1
4.62E23 1
4.78E23 1
5.57E24 1
4.96E23 1
1.138E25 1
7.68E23 1
1.485E24 1
3.21E24 1
3.08E23 1
5.03E23 1
7.13E23 1
4.52E23 1
7.55E23 1
8.67E23 1
9.89E24 1
3.05E24 1
3.03E24 1
1.479E24 1
4.88E23 1
2.82E25 1
2.66E24 1
8.7E24 1
2.48E25 1
9.11E24 1
4.61E23 1
1.064E25 1
2.29E24 1
9.25E23 1
8.66E23 1
1.5E26 1
2.65E24 1
5.05E24 1
1.5E24 1
2.77E26 1
2E25 1
5.45E23 1
1.005E24 1
4.8E23 1
8.27E23 1
1.007E25 1
1.77E24 1
1.281E24 1
8.62E23 1
1.096E24 1
1.19E24 1
1.48E24 1
1.3E25 1
9.07E23 1
8.13E25 1
3.24E25 1
2.66E25 1
8.76E25 1
7.73E23 1
5.63E23 1
7.27E23 1
8.24E27 1
1.148E24 1
7.6E23 1
2.11E24 1
7.78E24 1
1.027E25 1
1.84E24 1
3.44E25 1
2.02E25 1
6.09E23 1
1.49E24 1
5.95E24 1
7.29E23 1
1.87E24 1
1.89E24 1
8.77E23 1
3.23E23 1
4.83E23 1
2.56E24 1
1.254E25 1
1.48E24 1
6.38E26 1
5.95E23 1
9.11E23 1
1.023E24 1
4.72E24 1
1.55E25 1
3.98E23 1
4.97E23 1
2.66E24 1
1.66E24 1
1.99E24 1
3.98E24 1
1.43E24 1
1.143E24 1
1.07E24 1
7.88E23 1
3.87E23 1
2.07E25 1
7.31E23 1
3.21E24 1
6.97E23 1
2.49E24 1
1.46E26 1
2.06E25 1
1.91E24 1
6.91E23 1
5.14E23 1
7.37E24 1
1.286E24 1
7.81E23 1
1.203E24 1
4.13E23 1
1.414E25 1
6.1E23 1
5.87E24 1
1.35E24 1
1.36E24 1
2.24E24 1
9.94E23 1
2.35E24 1
1.98E24 1
4.93E23 1
1.43E24 1
1.093E25 1
1.47E24 1
5.58E23 1
1.5E24 1
7.66E23 1
1.196E24 1
7.22E24 1
1.5E25 1
6.67E24 1
9.41E23 1
2.46E24 1
7.15E24 1
6.54E23 1
1.457E24 1
1.95E24 1
5.55E23 1
6.01E23 1
1.8E25 1
1.48E24 1
2.32E24 1
5.62E23 1
2.03E24 1
5.32E27 1
5.38E25 1
4.9E24 1
1.49E24 1
1.1E24 1
2.14E24 1
2.8E24 1
3.67E24 1
1.55E25 1
8.79E24 1
8.06E23 1
1.55E24 1
2.12E25 1
3.07E24 1
2.93E23 1
2.36E24 1
1.3E24 1
8.52E23 1
1.493E24 1
6.52E23 1
4.97E23 1
6.05E23 1
5.99E23 1
8.7E23 1
8.38E23 1
5.91E23 1
3.33E24 1
5.95E23 1
7.16E23 1
1.75E24 1
8.47E23 1
1.37E24 1
4.87E23 1
1.002E24 1
1.46E24 1
1.064E25 1
4.69E24 1
7.17E23 1
5.75E25 1
3.72E23 1
4.29E23 1
2.32E23 1
2.43E24 1
6.78E23 1
1.37E24 1
6.14E23 1
2.43E24 1
5E23 1
1.55E24 1
4.22E24 1
6.82E23 1
3.29E24 1
1.035E24 1
5.25E23 1
5.23E24 1
4.99E24 1
2.57E26 1
8.09E24 1
7.82E23 1
5.71E23 1
5.52E23 1
1.45E25 1
4.79E23 1
6.66E23 1
9.42E24 1
1.188E24 1
2.3E24 1
3.04E23 1
6.8E23 1
1.17E25 1
6.07E24 1
1.72E24 1
6.92E23 1
4.39E23 1
1.072E25 1
5.22E23 1
8.53E23 1
4.2E23 1
1.8E25 1
1.179E24 1
5.28E23 1
2.88E24 1
1.98E26 1
2.76E25 1
2.63E24 1
2.33E24 1
1.66E25 1
7.01E25 1
1.13E25 1
1.228E24 1
1.08E24 1
3.37E27 1
4.36E25 1
3.58E24 1
5.51E24 1
8.72E24 1
5.16E24 1
1.59E24 1
1.34E24 1
3.49E25 1
1.43E24 1
1.51E24 1
5.54E23 1
1.137E24 1
9.01E24 1
4.17E24 1
7.7E23 1
1.87E25 1
1.54E24 1
9.91E23 1
5.97E23 1
5.89E24 1
7.47E24 1
4.29E25 1
3.69E26 1
8.79E24 1
4.75E25 1
1.102E25 1
2.12E24 1
1.96E24 1
1.123E24 1
1.513E24 1
4.1E24 1
2.75E24 1
4.86E24 1
3.08E24 1
4.25E24 1
3.34E25 1
7.8E23 1
1.81E24 1
1.8E25 1
1.139E24 1
3.92E26 1
1.47E25 1
3.87E24 1
3.57E24 1
1.146E24 1
1.62E24 1
2.25E24 1
1.397E24 1
1.49E24 1
4.21E24 1
3.39E25 1
1.74E24 1
3.45E24 1
8.46E23 1
1.136E24 1
1.76E24 1
9.37E23 1
2.59E24 1
4.54E24 1
5.8E23 1
4.59E23 1
1.165E24 1
7.71E23 1
5.23E23 1
1.64E24 1
7.76E23 1
1.03E24 1
4.8E23 1
5.75E25 1
8.15E23 1
7.44E24 1
2.48E25 1
6.56E24 1
6.2E23 1
2.98E24 1
6.63E23 1
6.53E24 1
1.091E25 1
4.36E25 1
1.32E26 1
2.38E24 1
2.79E24 1
1.142E26 1
1.418E25 1
1.081E26 1
6.51E23 1
4.66E23 1
7.64E23 1
6.46E24 1
2E24 1
5.4E23 1
8.16E23 1
2.84E24 1
7.78E24 1
3.55E24 1
2.14E24 1
7.75E23 1
2.47E25 1
2.34E24 1
2.34E24 1
4.37E24 1
3.27E24 1
3.87E24 1
2.03E25 1
6.14E23 1
1.47E25 1
1.6E24 1
9.8E23 1
1.069E25 1
4E25 1
6.93E24 1
5.76E25 1
2.22E24 1
2.23E24 1
7.86E23 1
1.36E27 1
8.46E23 1
2.33E24 1
7.52E24 1
1.093E24 1
6.99E23 1
7.05E23 1
1.67E24 1
6.12E23 1
3.07E24 1
2.87E24 1
3.86E24 1
3.79E24 1
5.77E24 1
3.61E24 1
2.44E24 1
8.09E23 1
1.15E24 1
2.67E25 1
1.52E25 1
7.13E23 1
2.01E24 1
8.29E23 1
1.2E24 1
7.56E24 1
3.99E24 1
6.03E23 1
1.14E25 1
1.056E24 1
3.93E24 1
8.5E24 1
4.91E24 1
2.73E26 1
4.46E25 1
6.2E24 1
1.076E25 1
1.182E24 1
1.88E24 1
3.09E24 1
1.165E25 1
7.47E23 1
2.89E23 1
6.78E23 1
9.44E24 1
3.32E24 1
2.32E25 1
1.308E24 1
1.088E24 1
1.268E24 1
5.16E24 1
7.9E23 1
7.01E23 1
4.04E24 1
2.62E24 1
1.095E25 1
3.95E23 1
4.98E24 1
1.24E24 1
1.2E24 1
1.015E24 1
1.028E24 1
1.287E24 1
1.88E24 1
2.1E24 1
4.62E25 1
5.82E23 1
7.91E24 1
4.77E24 1
6.17E23 1
6.96E23 1
4.89E27 1
2.06E25 1
2.62E25 1
1.96E24 1
5.86E23 1
1.012E25 1
5.27E25 1
6.56E23 1
6.15E23 1
1.087E24 1
7.48E23 1
6.09E23 1
1.225E24 1
3.33E26 1
1.227E25 1
6.95E23 1
9.68E24 1
1.22E24 1
1.65E24 1
2.15E25 1
1.55E25 1
5.55E23 1
6.49E23 1
7.24E23 1
3.5E24 1
1.011E25 1
1.025E24 1
8.03E24 1
1.304E24 1
2.23E24 1
9.17E23 1
3.61E25 1
3.49E24 1
1.41E24 1
1.329E26 1
1.032E24 1
7.51E23 1
3.68E23 1
8.12E23 1
6.64E23 1
5.93E23 1
1.97E25 1
9.01E24 1
7.15E23 1
7.64E24 1
1.163E24 1
1.8E24 1
1.178E24 1
8.61E23 1
6.58E23 1
1.5E24 1
4.51E23 1
2.02E24 1
1.86E24 1
1.001E25 1
7.04E23 1
1.91E25 1
9.18E23 1
1.179E24 1
2.11E24 1
8.16E23 1
1.118E24 1
6.63E24 1
1.134E24 1
1.81E24 1
8.69E23 1
8.74E24 1
8.82E24 1
9.88E23 1
3.91E24 1
8.73E23 1
2.92E23 1
3.85E24 1
6.47E25 1
8.35E25 1
1.34E25 1
2.03E26 1
3.88E24 1
8.16E23 1
2.41E24 1
8.91E26 1
1.75E25 1
5.81E24 1
9.87E24 1
6.81E24 1
2.33E26 1
3.32E25 1
1.04E25 1
1.35E25 1
1.111E25 1
1.82E25 1
1.4E25 1
6.54E24 1
6.71E24 1
1.239E24 1
8.45E24 1
3.64E24 1
2.89E24 1
2.99E24 1
8.64E26 1
1.86E24 1
1.71E24 1
1.183E24 1
5.73E23 1
2.48E24 1
1.15E25 1
1.028E24 1
3.56E26 1
6.85E24 1
3.44E24 1
2.08E24 1
2.32E25 1
1.67E24 1
4.26E23 1
9.2E24 1
1.3E26 1
1.2E24 1
4.02E24 1
1.57E24 1
8.04E24 1
5.11E24 1
1.87E24 1
1.151E24 1
3.42E25 1
1.23E24 1
2.51E24 1
1.75E24 1
4.39E25 1
4.96E24 1
1.54E25 1
1.55E25 1
2.84E26 1
1.77E25 1
7.36E24 1
1.346E25 1
2.63E24 1
9.69E24 1
2.25E24 1
4.16E25 1
5.81E24 1
4.8E24 1
8E24 1
1.097E25 1
9.68E24 1
2.11E24 1
9.08E24 1
5.12E24 1
7.09E23 1
3.22E24 1
1.48E25 1
1.18E24 1
3.51E24 1
1.8E24 1
1.97E24 1
7.08E23 1
5.27E25 1
1.39E24 1
4.49E25 1
9.59E23 1
4.96E26 1
1.307E25 1
1.047E26 1
1.027E24 1
1.129E25 1
4.1E25 1
6.42E23 1
2.51E25 1
8.37E24 1
2.52E24 1
1.57E25 1
1.56E24 1
1.403E24 1
7.34E24 1
5.93E24 1
4.27E24 1
2.58E25 1
9.43E25 1
1.74E24 1
8.69E23 1
6.64E24 1
8.84E25 1
1.24E25 1
2.65E24 1
3E24 1
8.12E24 1
2.03E24 1
5.06E25 1
1.102E25 1
2.29E24 1
4.78E23 1
3.54E24 1
1.63E24 1
1.67E24 1
7.11E23 1
6.49E23 1
8.48E24 1
7.09E24 1
1.55E24 1
8.8E24 1
8.11E23 1
1.18E24 1
2.24E24 1
2.89E24 1
2.71E24 1
8.95E23 1
2.15E24 1
1.65E24 1
7.15E24 1
2.9E26 1
2.42E24 1
1.025E24 1
4.9E24 1
6.1E24 1
2.17E24 1
2.18E24 1
4.22E24 1
3.02E24 1
2.47E24 1
1.94E24 1
3.6E24 1
1.73E24 1
1.117E24 1
3.15E24 1
1.099E25 1
1.8E24 1
1.51E25 1
2.55E24 1
7.72E24 1
2.39E24 1
1.26E24 1
1.81E25 1
1.8E24 1
4.73E24 1
1.071E25 1
1.34E25 1
5.68E24 1
8.47E24 1
2.85E24 1
2.62E24 1
5.35E24 1
1.256E24 1
8.61E23 1
2.77E25 1
6.28E23 1
3.23E24 1
2.37E25 1
1.19E24 1
3.45E24 1
9.9E23 1
1.38E25 1
9.72E23 1
8.24E23 1
1.79E25 1
2.2E24 1
9.28E23 1
2.82E24 1
8.87E23 1
3.04E24 1
1.3E27 1
5.29E24 1
7.33E23 1
3.99E24 1
1.34E25 1
2.69E24 1
1.17E26 1
7.17E23 1
4.43E24 1
9.12E23 1
7.19E23 1
5.55E25 1
2.87E25 1
8.52E23 1
4.31E24 1
5.66E25 1
2.69E25 1
2.48E25 1
8.01E24 1
6.3E23 1
4.45E24 1
4.94E23 1
7.36E23 1
4.13E25 1
6.91E23 1
8.28E23 1
1.53E24 1
6.32E24 1
3.42E24 1
8.64E26 1
2.76E24 1
9.58E24 1
3.32E24 1
1.55E24 1
1.66E24 1
1.143E24 1
3.67E24 1
1.72E24 1
7.07E24 1
8.14E24 1
6.09E23 1
1.5E24 1
4.96E23 1
3.49E23 1
1.44E24 1
1.332E25 1
9.41E25 1
7.16E23 1
5.15E24 1
6.63E23 1
6.14E23 1
1.107E24 1
5.96E23 1
3.59E24 1
1.052E24 1
2.72E24 1
6.53E23 1
1.31E24 1
1.41E24 1
4.83E25 1
2.82E25 1
9.44E23 1
1.77E24 1
2.36E24 1
5.64E23 1
1.96E24 1
5.84E23 1
1.078E24 1
8.19E23 1
9.68E23 1
1.294E24 1
1.87E24 1
1.223E24 1
8.67E23 1
1.98E25 1
2.37E27 1
1.83E24 1
2.44E24 1
2.88E24 1
9.11E24 1
1.99E24 1
1.69E24 1
6.77E25 1
5.43E24 1
3.33E24 1
6.82E23 1
1.25E24 1
3.79E23 1
1.83E24 1
1.55E26 1
8.77E25 1
1.78E25 1
8.89E23 1
6.53E23 1
8.03E24 1
1.36E24 1
6.28E24 1
7.54E23 1
7.62E23 1
1.32E25 1
1.44E24 1
4.07E27 1
4.17E24 1
1.45E24 1
1.33E24 1
1.45E25 1
6.24E25 1
2.55E24 1
4.76E24 1
3.93E24 1
1.37E24 1
2.73E24 1
4.27E23 1
3.94E23 1
1.62E24 1
4.95E24 1
5.42E24 1
1.82E25 1
3.62E25 1
2.04E24 1
3.18E25 1
3.63E25 1
8.82E24 1
1.04E24 1
1.21E24 1
2.76E24 1
1.83E24 1
7.6E24 1
3.64E24 1
1.58E26 1
2.08E24 1
1.55E24 1
3.03E25 1
2.01E24 1
1.45E24 1
2.65E25 1
1.71E24 1
3.62E24 1
1.88E24 1
1.4E24 1
4E24 1
8.18E23 1
3.81E24 1
1.95E24 1
1.39E24 1
5.55E23 1
7.48E23 1
1.003E26 1
1.032E24 1
1.55E24 1
7.04E24 1
1.329E25 1
1.56E25 1
1.72E24 1
4.93E26 1
8.31E26 1
1.83E24 1
2.38E24 1
8.67E23 1
1.36E24 1
1.3E25 1
1.32E24 1
7.88E23 1
9.65E23 1
7.19E23 1
1.2E24 1
2.5E24 1
6.09E23 1
7.72E24 1
1.67E25 1
8.58E23 1
1.365E24 1
2.56E24 1
4.24E24 1
2.99E24 1
1.048E24 1
9.37E23 1
1.02E24 1
7.07E23 1
1.9E24 1
6.59E23 1
7.93E23 1
3.36E26 1
5.26E24 1
3.9E24 1
2.97E24 1
2E24 1
2.89E24 1
1.052E24 1
8.08E24 1
1.86E24 1
6.39E23 1
2.92E24 1
3.16E24 1
7.55E23 1
3.22E24 1
1.72E24 1
6.27E24 1
1.32E24 1
1.301E25 1
1.53E24 1
2.19E24 1
1.48E24 1
2.78E24 1
6.34E23 1
2.44E24 1
4.12E23 1
4.73E24 1
7.79E24 1
1.88E24 1
1.89E25 1
2.68E24 1
8.13E24 1
6.6E25 1
1.389E24 1
3.8E25 1
2.85E24 1
8.08E23 1
9.92E23 1
6.75E24 1
4.13E24 1
1.52E25 1
7.38E23 1
5.57E24 1
8.93E24 1
4.33E25 1
4.98E23 1
3.28E24 1
8.63E23 1
1.96E24 1
1.028E24 1
5.63E24 1
6.17E23 1
3.27E24 1
2.43E26 1
2.45E25 1
1.36E24 1
5.99E23 1
3.65E24 1
1.2E24 1
1.173E24 1
8.01E23 1
4.63E23 1
1.14E25 1
2.34E26 1
2E26 1
6.58E26 1
2.01E26 1
1.56E24 1
3.4E24 1
1.53E26 1
1.217E24 1
1.006E24 1
1.68E24 1
4.42E24 1
3.24E24 1
1.289E25 1
1.29E24 1
8.51E23 1
7.19E23 1
4.53E26 1
4.52E25 1
6.34E23 1
9.37E23 1
1.056E24 1
4.49E23 1
1.55E24 1
2.97E24 1
6.48E23 1
8.6E23 1
7.61E24 1
4.02E24 1
6.09E24 1
7.11E23 1
3.3E24 1
1.022E25 1
1.148E24 1
7.06E24 1
1.91E24 1
6.58E23 1
1.118E24 1
1.14E24 1
4.49E24 1
3.83E24 1
9.85E23 1
5.68E26 1
1.179E24 1
1.47E25 1
3.33E25 1
1.53E26 1
4.17E24 1
3.33E23 1
8.95E23 1
1.35E24 1
3.9E24 1
1.037E24 1
8.48E23 1
7.62E23 1
2.02E24 1
6.62E23 1
4.98E23 1
1.058E25 1
5.33E23 1
3.59E25 1
7.33E24 1
1.12E24 1
5.2E24 1
2.35E24 1
5.86E23 1
6.57E24 1
6.95E23 1
8.32E23 1
1.75E24 1
4.24E23 1
9.95E23 1
7.75E23 1
4.82E24 1
8.36E23 1
2.45E24 1
4.86E26 1
1.96E24 1
1.6E25 1
1.087E24 1
2.06E24 1
8.83E23 1
5.66E24 1
3.42E24 1
1.096E24 1
1.91E26 1
1.38E24 1
4.51E24 1
9.03E23 1
4.29E24 1
4.78E25 1
7.51E25 1
1E26 1
1.38E25 1
9.06E23 1
5.61E24 1
9.57E23 1
2.81E24 1
1.27E24 1
3.29E24 1
6.24E24 1
1.32E24 1
4.64E25 1
1.08E24 1
5.74E23 1
1.001E26 1
1.99E24 1
4.16E24 1
1.429E26 1
2.39E24 1
2.43E24 1
2.88E24 1
2.99E24 1
4.39E24 1
1.032E24 1
6.47E24 1
7.57E24 1
9.71E24 1
2.19E24 1
1.44E24 1
1.58E25 1
7.77E23 1
1.98E24 1
2.14E24 1
1.09E24 1
3.27E24 1
1.359E24 1
4.03E24 1
8.62E24 1
5.74E24 1
7.02E24 1
7.67E23 1
1.227E26 1
7.8E23 1
1.37E24 1
8.53E23 1
3.12E24 1
7.37E23 1
1.67E24 1
2.73E25 1
7.08E24 1
1.26E24 1
1.5E24 1
2.23E26 1
1.42E24 1
5.93E23 1
1.76E25 1
1.83E24 1
5.46E23 1
5.07E23 1
1.89E24 1
1.86E24 1
1.477E24 1
1.73E24 1
4.95E23 1
5.68E23 1
3.54E23 1
1.42E25 1
1.36E25 1
2.5E24 1
1.56E24 1
4.15E23 1
7.59E23 1
6.71E24 1
1.64E24 1
4.97E23 1
1.022E24 1
5E23 1
1.85E25 1
1.111E24 1
6.09E23 1
1.46E24 1
1.048E24 1
8.54E23 1
1.46E25 1
2.58E24 1
4.51E23 1
1.074E24 1
2.73E24 1
6.66E23 1
7.91E23 1
9.35E23 1
8.59E23 1
7.3E23 1
2.33E24 1
5.35E24 1
5.42E23 1
4.1E23 1
5.99E23 1
1.58E24 1
1.88E24 1
1.132E24 1
7.48E23 1
4.31E24 1
1.73E25 1
8.92E23 1
4.42E23 1
1.026E24 1
1.22E24 1
9.03E23 1
1.275E24 1
9.01E23 1
7.54E24 1
8.07E23 1
1.129E24 1
1.32E24 1
7.56E23 1
1.188E25 1
8.23E23 1
4.35E25 1
9.92E24 1
7.4E23 1
8.05E24 1
2.74E24 1
1.28E24 1
4.31E23 1
3.64E24 1
2.34E24 1
3.21E23 1
1.34E24 1
1.341E24 1
1.49E24 1
3.09E24 1
7.72E24 1
3.84E24 1
1.44E24 1
3.38E27 1
4.83E25 1
7.1E23 1
5.03E25 1
6.31E24 1
9.29E23 1
8.83E23 1
5.09E23 1
6.01E25 1
6.99E23 1
6.1E23 1
1.038E24 1
5.73E23 1
1.284E24 1
3.04E24 1
6.1E23 1
6.95E24 1
2.51E24 1
1.334E24 1
3.29E25 1
5.65E23 1
1.46E24 1
1.279E24 1
1.94E25 1
1.43E24 1
4.85E24 1
1.93E24 1
7.69E24 1
9.07E23 1
1.328E24 1
2.58E25 1
8.27E25 1
1.91E24 1
2E24 1
8.21E25 1
1.157E25 1
1.6E24 1
5.77E23 1
3.35E24 1
1.3E24 1
4.08E24 1
1.008E24 1
6.84E24 1
8E23 1
2.36E24 1
2.53E24 1
5.04E24 1
3.54E23 1
8.4E23 1
3.14E23 1
2.94E24 1
1.48E24 1
8.97E24 1
7E24 1
1.63E24 1
1.7E24 1
4.39E24 1
2.41E24 1
1.43E24 1
2.41E24 1
2.09E24 1
9.33E23 1
1.021E24 1
1.96E24 1
8.8E23 1
5.32E24 1
1.9E24 1
1.084E24 1
9.51E23 1
7.66E23 1
9E25 1
9.12E23 1
2.71E24 1
6.06E25 1
4.22E24 1
1.7E25 1
5.16E24 1
4.41E24 1
5.03E23 1
5.86E25 1
6.53E23 1
6.15E24 1
1.137E24 1
2.05E24 1
7.49E23 1
3.01E24 1
1.295E25 1
5.97E24 1
1.49E24 1
6.37E23 1
7.13E24 1
7.02E24 1
1.138E24 1
3.01E24 1
3.8E25 1
2.34E24 1
1.434E24 1
1.173E24 1
1.013E24 1
1.44E24 1
3.36E24 1
3.25E24 1
2.5E24 1
1.25E24 1
2.09E26 1
4.32E24 1
2.3E24 1
3.53E24 1
3.39E24 1
6.97E23 1
3.35E24 1
3.29E23 1
1.25E24 1
3.11E24 1
4.45E24 1
9.03E23 1
7.02E23 1
2.05E25 1
2.52E24 1
2.03E24 1
1.104E25 1
2.95E24 1
1.74E24 1
9.9E24 1
5.98E23 1
8.35E23 1
3E23 1
1.62E24 1
1.41E25 1
1.95E25 1
4.66E24 1
1.44E24 1
5.37E23 1
2.04E24 1
6.61E23 1
7.11E24 1
1.33E24 1
6.94E24 1
2.4E24 1
6.99E24 1
2.06E24 1
9.89E23 1
9.51E25 1
1.125E24 1
2.2E24 1
7.2E23 1
4.15E23 1
1.107E24 1
1.37E25 1
3.85E24 1
1.37E24 1
1.8E24 1
1.28E24 1
1.18E24 1
1.5E24 1
3.63E24 1
1.211E24 1
4.7E24 1
9.84E24 1
6.96E23 1
1.83E24 1
2.91E24 1
3.13E24 1
2.81E24 1
5.97E25 1
3.14E23 1
9.2E23 1
8.63E23 1
1.21E24 1
6.14E24 1
4.24E23 1
6.93E23 1
6.93E23 1
8.9E23 1
2.24E24 1
2.3E24 1
4.05E23 1
2E24 1
7.29E23 1
3.1E24 1
2.27E24 1
1.74E24 1
9.44E23 1
9.18E23 1
2.61E24 1
8.48E23 1
1.062E24 1
3.54E23 1
7.53E23 1
4.77E23 1
5.15E23 1
1.45E24 1
5.19E23 1
4.07E23 1
7.67E23 1
2.78E24 1
9.88E23 1
7.33E23 1
6.2E24 1
7.55E23 1
1.63E27 1
2.33E25 1
9.67E23 1
9.42E23 1
4.58E23 1
3.07E23 1
2.36E24 1
1.039E24 1
2.92E24 1
2.01E24 1
5.76E23 1
1.17E24 1
1.39E24 1
2.22E24 1
1.62E24 1
1.5E24 1
2.86E24 1
2.04E24 1
7.52E24 1
1.55E24 1
1.275E24 1
5.33E23 1
5.8E23 1
8.97E23 1
1.364E24 1
1.6E24 1
2.3E24 1
5.78E24 1
5.34E24 1
1.5E24 1
7.56E23 1
6.88E23 1
1.9E24 1
4.17E24 1
4.79E23 1
2.62E24 1
1.37E24 1
6.91E23 1
1.462E24 1
1.71E24 1
8.46E24 1
6.53E23 1
1.28E25 1
1.275E25 1
7.14E24 1
6.75E23 1
1.71E24 1
1.109E24 1
7.96E23 1
4.67E23 1
4.21E24 1
9.96E23 1
6.45E23 1
4.2E23 1
2.48E25 1
6.19E24 1
1.38E24 1
1.57E24 1
1.158E24 1
2.16E24 1
1.73E24 1
6.98E24 1
9.56E23 1
3.35E24 1
5.18E25 1
8.03E23 1
1.5E24 1
5.2E27 1
3.48E24 1
1.63E24 1
1.155E25 1
9.69E24 1
1.68E24 1
6.73E24 1
1.2E24 1
8.18E23 1
1.145E24 1
3.12E25 1
5.84E23 1
1.65E24 1
4.18E24 1
2.88E24 1
1.69E24 1
1.4E24 1
1.62E24 1
3.39E24 1
2.48E24 1
5.12E24 1
1.58E24 1
9.06E23 1
1.25E24 1
1.61E24 1
5.6E23 1
3.35E24 1
8.74E23 1
3.2E24 1
6.09E23 1
6.3E23 1
1.013E24 1
6.04E23 1
1.89E24 1
5.51E23 1
2.97E24 1
6.29E23 1
5.03E23 1
5.19E24 1
7.31E23 1
2.85E24 1
3.67E24 1
2.63E24 1
7.45E24 1
2.97E24 1
7.57E24 1
7.77E23 1
4.38E24 1
3.82E24 1
1.56E24 1
7E23 1
7.91E25 1
1.79E25 1
1.61E24 1
1.55E24 1
2.66E24 1
1.55E24 1
1.25E25 1
9.41E23 1
1.439E24 1
9.9E23 1
1.052E24 1
5.36E24 1
8.23E24 1
5.69E23 1
7.42E23 1
5.43E24 1
7.94E23 1
2.09E25 1
9.64E23 1
7.28E24 1
1.83E24 1
7.32E23 1
6.25E24 1
1.023E24 1
1.336E24 1
7.29E23 1
1.3E24 1
2.26E24 1
2.18E24 1
4.09E23 1
2.86E24 1
9.5E23 1
1.39E24 1
1.81E24 1
3.64E23 1
5.97E23 1
4.29E24 1
4.95E23 1
1.192E24 1
2.85E24 1
8.29E23 1
1.69E24 1
5.66E23 1
3.41E25 1
1.32E25 1
1.61E24 1
5.88E23 1
5.15E23 1
2.75E24 1
1.41E24 1
8.49E23 1
1.19E24 1
1.43E24 1
1.42E24 1
6.17E23 1
1.65E24 1
1.71E24 1
3.65E24 1
7.29E23 1
4.2E24 1
2.32E24 1
1.085E24 1
1.139E24 1
4.65E24 1
1.099E24 1
6.86E23 1
5.88E23 1
1.262E24 1
3.65E24 1
5.59E23 1
5.07E24 1
6.89E23 1
1.155E25 1
1.133E24 1
1.309E24 1
1.181E25 1
2.1E24 1
1.58E25 1
2.17E25 1
4.24E25 1
1.22E24 1
3.09E25 1
6.52E26 1
8.81E25 1
3.65E25 1
2.38E26 1
4.02E25 1
2.11E26 1
5.24E25 1
6.47E25 1
1.7E26 1
8.29E24 1
4.39E24 1
6.71E24 1
5.33E24 1
5.73E24 1
4.73E24 1
1.91E25 1
7.45E24 1
1.21E25 1
4.2E24 1
1.91E26 1
9E26 1
5.01E26 1
1.2E27 1
1.092E25 1
1.41E24 1
3.67E24 1
4.01E24 1
1.6E25 1
1.77E25 1
5.74E24 1
6.33E26 1
5.29E24 1
4.55E24 1
5.15E24 1
1.17E24 1
6.95E24 1
1.04E26 1
5.45E24 1
1.55E24 1
1.59E24 1
3.32E24 1
1.4E25 1
3.74E24 1
9.64E25 1
1.51E24 1
1.36E25 1
1.72E25 1
2.56E24 1
9.47E24 1
4.93E24 1
3.22E25 1
1.09E25 1
7.77E24 1
1.59E25 1
5.98E23 1
1.19E24 1
4.55E24 1
6.02E24 1
1.84E24 1
2.31E24 1
1.7E24 1
1.2E24 1
1.103E24 1
2.53E25 1
7.53E24 1
2.04E24 1
2.04E25 1
4.17E24 1
2.02E25 1
4.18E25 1
3.28E25 1
8.87E23 1
3.36E24 1
2.92E24 1
3.29E24 1
2.61E24 1
6.77E24 1
4.15E26 1
2.71E25 1
1.422E25 1
1.68E24 1
1.94E24 1
2.18E25 1
2.13E24 1
7.02E24 1
5.09E25 1
2.61E24 1
3.28E25 1
3.91E25 1
1.49E24 1
3.13E24 1
3.32E25 1
4.37E24 1
1.45E24 1
2.55E24 1
5.17E24 1
1.336E25 1
6.17E23 1
4.6E24 1
3.37E24 1
6.4E24 1
1.98E25 1
5.84E23 1
1.136E24 1
4.43E25 1
9.78E24 1
4.8E24 1
3.35E25 1
8.27E24 1
2.37E27 1
1.83E25 1
3.2E24 1
1.38E25 1
1.47E24 1
1.47E25 1
1.65E25 1
3.49E26 1
2.03E24 1
2.62E24 1
5.65E24 1
1.84E25 1
3.22E25 1
1.64E25 1
7.05E24 1
1.54E24 1
3.85E24 1
5.16E24 1
8.6E24 1
1.006E25 1
5.22E25 1
1.59E24 1
2.23E25 1
2.09E26 1
3.61E25 1
7.04E26 1
2.02E24 1
5.36E25 1
5.78E25 1
4.76E24 1
1.082E25 1
2.18E25 1
2.38E25 1
3.8E25 1
2.22E24 1
2.53E26 1
1.77E24 1
2.36E24 1
9.09E25 1
1.97E27 1
1.119E25 1
9.2E24 1
9.17E25 1
3.01E24 1
4.84E27 1
9.29E24 1
1.29E25 1
5.3E24 1
1.19E26 1
3.27E25 1
1.96E25 1
2.78E24 1
6.77E23 1
8.9E25 1
7.53E24 1
4.07E24 1
1.78E26 1
5.21E26 1
1.86E27 1
8.45E25 1
9.03E24 1
7.63E24 1
1.007E25 1
3.8E25 1
1.47E24 1
3.68E24 1
6.7E25 1
1.87E25 1
5.84E24 1
8.04E23 1
1.82E25 1
4.84E24 1
3.55E24 1
1.203E25 1
4.64E24 1
4.14E24 1
1.174E26 1
2.78E25 1
1.069E24 1
1.57E26 1
1.27E25 1
6.71E24 1
1.34E25 1
6.68E25 1
1.227E24 1
7.39E24 1
1.079E25 1
2.14E24 1
7.57E24 1
2.25E26 1
1.105E25 1
1.2E24 1
2.82E24 1
6.17E24 1
5.28E24 1
4.3E24 1
1.18E24 1
3.6E24 1
5.76E26 1
5.89E24 1
5.64E24 1
4.73E24 1
3.32E25 1
1.217E24 1
2.3E24 1
2.33E24 1
1.143E25 1
1.64E26 1
7.66E24 1
6.35E24 1
2.3E25 1
1.84E24 1
2.97E25 1
2.71E24 1
2.6E24 1
3.52E25 1
1.083E25 1
4.63E24 1
9.05E25 1
3.72E25 1
2.4E24 1
1.335E26 1
2.68E24 1
1.82E24 1
3.16E25 1
6.71E24 1
4.51E24 1
7.28E24 1
2.74E24 1
1.72E25 1
3.93E24 1
1.58E25 1
1.45E25 1
6.32E24 1
1.084E24 1
1.29E24 1
1.92E26 1
6.44E24 1
3.51E24 1
2.43E24 1
4.59E24 1
1.357E25 1
9.96E24 1
8.76E23 1
1.77E24 1
7.25E23 1
2.29E24 1
4.94E23 1
1.191E24 1
4.21E24 1
1.3E25 1
5.53E24 1
4.8E23 1
1.27E24 1
3.48E24 1
5.3E24 1
1.18E24 1
2.15E24 1
1.71E24 1
3.2E26 1
2.81E24 1
6.02E25 1
3.76E24 1
3.05E24 1
1.69E24 1
1.177E24 1
5.42E25 1
3.05E24 1
2.66E24 1
5.73E24 1
2.16E25 1
4.24E24 1
4.5E23 1
2.43E24 1
8.71E24 1
4.43E24 1
4.93E24 1
1.79E25 1
3.98E24 1
1.45E25 1
2.94E24 1
1.41E24 1
3.71E24 1
1.89E25 1
5.36E24 1
3.12E24 1
9.73E24 1
2.28E25 1
7.49E23 1
6.13E23 1
7.71E24 1
1.1E24 1
1.7E25 1
2.11E24 1
1.99E24 1
4.46E25 1
4.33E24 1
1.54E24 1
8.81E24 1
6.37E24 1
3.86E25 1
3.09E25 1
1.72E24 1
1.18E26 1
4.32E24 1
1.68E24 1
6.5E23 1
1.52E24 1
7.8E25 1
2.44E24 1
1.067E25 1
4.58E25 1
6.75E24 1
9.62E24 1
3.76E24 1
6.73E24 1
9.96E24 1
1.163E25 1
1.66E24 1
2.64E25 1
1.013E26 1
4.46E24 1
1.36E25 1
1.59E24 1
5.07E24 1
3.37E24 1
3.01E25 1
2.04E25 1
1.54E25 1
2.92E25 1
3.03E24 1
6.22E25 1
1.91E24 1
4.13E24 1
2.01E24 1
7.37E24 1
2.52E27 1
4.66E25 1
6.19E23 1
2.28E24 1
4.55E24 1
9.49E23 1
4.69E24 1
1.09E25 1
8.84E23 1
1.76E24 1
3.44E24 1
2.22E24 1
5.61E25 1
5.72E24 1
2.26E24 1
4.03E24 1
2.82E24 1
1.97E24 1
1.42E24 1
7.64E24 1
1.49E24 1
4.55E25 1
8.78E23 1
3.25E24 1
1.78E24 1
6.16E23 1
6.22E24 1
9E23 1
9.27E23 1
2.58E24 1
6.95E24 1
2.11E24 1
8.98E25 1
2.33E24 1
1.32E24 1
4.77E24 1
1.28E24 1
2E24 1
1.91E25 1
1.78E24 1
7.37E23 1
2.07E24 1
9.36E24 1
9.94E23 1
2.14E24 1
9.59E23 1
3.44E24 1
1.4E24 1
5.86E24 1
2.11E24 1
2.2E24 1
1.91E25 1
8.37E24 1
2.23E25 1
2.3E25 1
1.7E24 1
5.29E23 1
8.97E24 1
1.72E25 1
1.74E25 1
3.1E24 1
2.73E24 1
2.21E24 1
7.58E23 1
1.54E24 1
6.63E24 1
1.68E24 1
8.66E24 1
1.065E25 1
1.23E25 1
1.51E24 1
4.63E23 1
6.93E26 1
1.19E24 1
6.18E23 1
4.93E23 1
5.07E24 1
1.53E24 1
3.25E24 1
4.98E23 1
7.42E25 1
4.21E25 1
7.07E23 1
8.27E26 1
5.88E25 1
2.78E24 1
1.19E24 1
1.03E25 1
6.07E24 1
2.11E26 1
4.36E24 1
1.31E24 1
4.18E24 1
1.01E24 1
1.36E24 1
8.02E24 1
3.18E24 1
1.46E24 1
5.5E25 1
3.29E25 1
3.33E25 1
1.65E24 1
1.155E24 1
9.31E25 1
4.18E24 1
1.67E24 1
1.79E24 1
3.8E24 1
4.37E25 1
8.81E23 1
9.68E23 1
4.95E26 1
1.27E25 1
1.6E24 1
2.04E25 1
2.99E26 1
3.64E26 1
7.6E24 1
2.89E24 1
1.46E24 1
8.64E23 1
1.87E24 1
1.153E25 1
4.13E23 1
6.52E25 1
5.55E24 1
5.69E26 1
7.05E25 1
2.89E25 1
1.4E24 1
2.34E24 1
5.25E24 1
8.26E23 1
3.19E25 1
1.35E24 1
3.05E24 1
9.2E24 1
3.2E24 1
7.39E24 1
4.5E24 1
4.97E24 1
1.79E24 1
2.18E25 1
7.3E23 1
1.107E26 1
1.26E24 1
1.6E26 1
1.54E24 1
1.34E24 1
5.84E23 1
6.62E24 1
2.77E24 1
9.6E24 1
3.91E24 1
1.113E24 1
6.32E24 1
5.83E24 1
1.52E24 1
7.94E24 1
5.2E24 1
2.83E23 1
1.4E24 1
5.26E23 1
2.88E24 1
6.25E25 1
6.58E23 1
1.66E25 1
8.3E23 1
8.27E24 1
2.89E24 1
1.54E26 1
1.428E26 1
5.81E25 1
5.87E24 1
3.86E25 1
1.172E25 1
2.86E25 1
1.043E24 1
2.06E25 1
2.44E24 1
3.81E23 1
8.88E23 1
9.14E24 1
1.045E24 1
6.31E23 1
3.79E23 1
8.48E23 1
1.92E24 1
2.89E24 1
1.34E24 1
1.48E24 1
5.06E24 1
3.26E24 1
2.89E24 1
1.99E25 1
2.71E25 1
1.16E26 1
8.68E24 1
8.46E23 1
8.81E23 1
1.334E24 1
2.14E24 1
6.81E24 1
2.32E25 1
1.11E27 1
5.7E24 1
3.41E24 1
2.7E24 1
1.129E25 1
1.81E24 1
2E24 1
4.76E25 1
4.61E24 1
2.27E24 1
2.76E24 1
1.47E25 1
1.67E24 1
2.14E24 1
7.83E24 1
1.048E24 1
2.53E24 1
2.15E24 1
2.91E24 1
1.074E25 1
3.56E24 1
3.55E24 1
4.43E24 1
2.24E24 1
7.44E24 1
1.67E25 1
2.62E24 1
5.64E25 1
2.64E24 1
4.77E23 1
2.48E24 1
2.9E25 1
2.4E24 1
4.06E23 1
1.57E24 1
4.2E23 1
1.61E25 1
8.23E25 1
2.59E24 1
8.87E23 1
9.56E25 1
5.28E23 1
1.13E24 1
2.91E24 1
1.16E24 1
1.015E25 1
1.41E25 1
9.13E24 1
7.07E24 1
1.83E25 1
1.46E25 1
1.9E26 1
7.65E25 1
2.14E24 1
7.27E25 1
2.74E24 1
1.117E24 1
3.36E26 1
2.72E24 1
8.08E23 1
4.62E23 1
1.26E27 1
2.06E24 1
1.89E26 1
3.84E24 1
1.37E24 1
2.17E24 1
1.6E24 1
2.13E25 1
2.28E24 1
1.78E24 1
2.33E25 1
4.76E23 1
3.04E25 1
2.57E25 1
1.55E24 1
9.26E23 1
2.1E24 1
6.44E24 1
9.33E23 1
7.89E24 1
1.137E24 1
8.61E24 1
1.68E24 1
1.94E25 1
1.195E24 1
3.73E24 1
1.11E24 1
1.57E24 1
2.13E24 1
8.75E24 1
2.37E25 1
1.3E24 1
4.76E24 1
4.95E25 1
3.19E24 1
1.58E24 1
1.61E24 1
2.37E25 1
4.86E23 1
1.36E25 1
3.17E24 1
5.41E23 1
1.23E25 1
1.234E24 1
9.81E23 1
2.51E24 1
1.79E24 1
6.9E25 1
4.74E24 1
1.097E24 1
6.38E24 1
9.6E23 1
6.77E23 1
3.24E24 1
1.52E24 1
1.48E26 1
2.61E24 1
1.6E24 1
1.18E24 1
6.86E23 1
2.9E24 1
1.285E24 1
1.016E24 1
3.24E26 1
8.77E23 1
2.83E26 1
1.57E24 1
2.96E24 1
2.02E24 1
1.163E25 1
2.54E27 1
2.92E24 1
5.11E23 1
4.51E23 1
8.5E23 1
8.98E24 1
1.37E24 1
5.55E24 1
1.099E24 1
4.76E23 1
3.86E24 1
1.185E24 1
1.59E25 1
1.64E24 1
2.86E24 1
2.79E24 1
2.83E24 1
9.44E23 1
1.98E25 1
4.13E24 1
2.53E24 1
1.28E26 1
8.24E25 1
1.99E24 1
1.127E24 1
4.41E23 1
2.06E24 1
5.66E23 1
3.42E24 1
9.95E24 1
7.99E23 1
5.04E25 1
1.539E24 1
2.32E24 1
2.37E25 1
3.13E24 1
5.75E25 1
2E24 1
2.41E24 1
1.231E24 1
1.006E24 1
6.48E23 1
6.36E23 1
2.19E24 1
5.48E24 1
1.84E24 1
7.7E24 1
5.69E23 1
5.78E24 1
2.68E24 1
8.41E24 1
8.67E23 1
6.74E24 1
1.002E24 1
7.88E23 1
1.159E24 1
1.004E24 1
7.65E23 1
2.24E24 1
1.193E24 1
6.03E23 1
9.1E23 1
9.07E23 1
1.74E25 1
8.69E24 1
4.57E24 1
4.45E24 1
3.18E24 1
7.06E24 1
3.81E25 1
1.6E24 1
5.9E24 1
3.5E24 1
1.72E25 1
3.72E23 1
2.55E24 1
1.38E25 1
7.86E23 1
2.92E26 1
2.11E24 1
1.049E25 1
1.82E25 1
5.27E24 1
1.71E25 1
8.89E23 1
1.251E25 1
8.3E23 1
5.5E23 1
1.22E25 1
2.88E24 1
1.079E26 1
1.28E24 1
7.01E23 1
1.04E24 1
5.38E23 1
1.64E24 1
7.77E23 1
6.17E24 1
4.55E24 1
2.44E24 1
9.37E23 1
1.66E26 1
3.22E24 1
4.68E23 1
3.35E26 1
3.04E24 1
9.9E23 1
2.27E24 1
5.03E23 1
9.9E23 1
2.67E24 1
3.43E23 1
6.11E24 1
1.199E24 1
2.01E24 1
5.15E23 1
6.72E23 1
5.75E25 1
1.062E25 1
1.72E24 1
2.25E24 1
4.3E24 1
2.2E25 1
2.65E24 1
7.63E23 1
6.32E23 1
1.03E24 1
1.085E24 1
5.87E23 1
5.74E24 1
3.79E24 1
1.33E26 1
1.16E24 1
3.99E24 1
7.92E23 1
5.41E24 1
1.054E25 1
1.96E24 1
1.099E24 1
2.6E24 1
8.46E23 1
2.93E24 1
1.248E24 1
3.82E25 1
8.22E24 1
1.12E24 1
8.05E24 1
8.92E23 1
1.06E24 1
6.27E23 1
1.66E24 1
4.63E24 1
1.144E24 1
7.93E23 1
2.85E25 1
4.44E24 1
9.04E23 1
9.9E24 1
9.2E23 1
2E24 1
2.22E24 1
4.39E24 1
9.1E24 1
1.311E24 1
1.37E24 1
2.26E24 1
1.52E25 1
1.49E24 1
2.17E24 1
2.09E25 1
6.04E24 1
1.86E25 1
1.24E24 1
2.11E24 1
2.75E26 1
9.21E24 1
3.74E24 1
5.74E23 1
3.61E24 1
7.07E23 1
4.94E24 1
5.72E24 1
8.08E23 1
5.06E24 1
2.72E24 1
6.01E24 1
4.66E24 1
3.8E25 1
6.02E23 1
7.09E23 1
8.48E23 1
6.73E24 1
6.89E23 1
4.18E23 1
2.74E24 1
3.11E24 1
9.24E23 1
6.63E25 1
2.15E24 1
7.84E23 1
2.24E24 1
1.64E24 1
5.64E23 1
2.15E24 1
7.16E23 1
8.2E25 1
3.62E24 1
1.36E24 1
2.93E24 1
2.3E25 1
7.85E26 1
1.121E24 1
9.43E24 1
4E24 1
2.33E24 1
2.16E24 1
2.5E24 1
7.86E23 1
1.347E24 1
6.42E25 1
2.37E24 1
1.24E24 1
5.86E24 1
6.65E24 1
4.23E25 1
1.277E24 1
8.79E23 1
1.77E26 1
3.23E24 1
4.82E23 1
8.02E23 1
1.144E24 1
1.11E25 1
1.125E26 1
5.18E25 1
2.12E25 1
1.7E25 1
8.05E23 1
9.91E23 1
6.56E23 1
1.157E24 1
6.52E25 1
3.55E24 1
1.73E25 1
1.1E25 1
4.35E24 1
9.56E24 1
6.79E23 1
9.04E23 1
1.114E24 1
4.42E24 1
1.105E24 1
2.02E24 1
8.88E24 1
1.2E24 1
1.47E24 1
8.09E26 1
7.31E24 1
6.56E24 1
7.22E23 1
1.095E25 1
2.32E25 1
4.48E24 1
2.44E24 1
3.9E26 1
1.289E24 1
8.82E23 1
6.61E23 1
8.29E23 1
1.73E24 1
1.122E24 1
6.41E23 1
8.71E23 1
7.04E24 1
7.04E23 1
3.81E23 1
6.01E24 1
2.93E23 1
1.87E24 1
3.15E24 1
7.79E23 1
7.25E23 1
7.07E23 1
7.23E23 1
1.46E24 1
6.65E24 1
1.087E24 1
1.91E24 1
5.08E23 1
4.53E24 1
1.345E24 1
1.31E24 1
2E26 1
1.064E24 1
5.81E25 1
2.08E24 1
1.29E24 1
1.94E25 1
2.01E25 1
5.05E25 1
6.34E24 1
4.13E24 1
3.79E23 1
8.4E23 1
6.24E25 1
1.44E24 1
4.63E25 1
1.95E24 1
2.04E25 1
1.55E24 1
6.49E23 1
5.82E24 1
4.18E24 1
1.35E24 1
1.87E24 1
4.71E24 1
1.29E25 1
1.222E24 1
2.68E24 1
4.37E24 1
1.83E25 1
5.9E24 1
3.05E24 1
6.3E23 1
8.06E23 1
6.9E24 1
4.85E23 1
2.7E24 1
9.31E23 1
3.14E24 1
5.19E26 1
1.074E26 1
9.71E23 1
2.87E24 1
2.38E24 1
1.208E24 1
1.054E24 1
1.078E24 1
2.14E24 1
1.6E24 1
2E24 1
2.11E24 1
1.64E24 1
2.55E24 1
4.49E25 1
8.98E23 1
9.5E23 1
3.42E24 1
8.22E23 1
5.64E24 1
1.184E25 1
1.57E25 1
1.83E24 1
1.052E24 1
1.001E24 1
5.45E23 1
5.7E24 1
1.151E24 1
2.07E24 1
7.93E24 1
4.9E24 1
9.32E23 1
6.87E23 1
3E24 1
1.69E25 1
1.27E24 1
4.91E24 1
2.06E25 1
4.62E24 1
6.13E23 1
1.21E24 1
7.62E23 1
1.65E25 1
1.91E24 1
8.29E24 1
1.165E25 1
1.38E24 1
2.42E24 1
2.5E26 1
7.23E25 1
1.27E25 1
2.98E25 1
1.81E24 1
1.16E24 1
2.13E24 1
1.208E24 1
8.74E24 1
1.205E26 1
9.91E23 1
1.32E24 1
2.43E24 1
2.1E25 1
1.22E24 1
1.23E25 1
2.41E25 1
7.87E24 1
1.55E24 1
3.69E26 1
5.47E25 1
2.54E24 1
8.95E24 1
1.46E26 1
1.383E25 1
2.2E24 1
3.33E26 1
3.52E24 1
8.5E24 1
5.95E25 1
4.03E25 1
6.8E24 1
1.23E25 1
1.31E24 1
2.07E24 1
5.97E24 1
7.45E24 1
1.95E24 1
8.83E23 1
1.3E24 1
1.47E24 1
7.57E24 1
5E24 1
2.74E24 1
1.86E25 1
1.17E24 1
5.84E25 1
2.2E24 1
1.44E24 1
3.13E24 1
3.79E24 1
1.36E26 1
5.14E24 1
1.17E26 1
1.66E25 1
1.68E24 1
6.12E23 1
2.75E24 1
5.45E25 1
2.39E24 1
9.9E23 1
2.2E25 1
1.48E24 1
1.57E24 1
2.67E24 1
2.72E24 1
1.238E24 1
6.63E26 1
1.13E26 1
8.56E24 1
6.2E23 1
3.56E24 1
1.023E24 1
7.42E23 1
2.86E24 1
1.89E24 1
1.046E25 1
2.6E24 1
4.01E25 1
1.023E24 1
1.2E24 1
7.1E24 1
1.46E24 1
1.21E24 1
5.97E23 1
4E23 1
2.13E24 1
8.58E23 1
7.02E23 1
5.9E23 1
7.13E23 1
2.36E24 1
1.23E24 1
3.72E24 1
6.68E23 1
8.07E23 1
1.37E25 1
9.36E23 1
3.98E24 1
6.79E25 1
2.3E25 1
1.47E24 1
1.33E24 1
1.32E24 1
5.61E23 1
1.47E24 1
2.33E24 1
1.6E25 1
5.4E23 1
7.18E23 1
1.279E24 1
1.74E24 1
1.37E24 1
5.88E24 1
7.71E23 1
2.23E24 1
1.053E24 1
2.87E24 1
3.53E25 1
5.84E23 1
1.36E24 1
1.046E24 1
4.56E24 1
8.27E23 1
1.77E24 1
1.31E24 1
1.3E24 1
1.74E25 1
1.338E24 1
9.76E23 1
9.12E23 1
1.67E24 1
4.4E24 1
6.71E23 1
1.205E25 1
9.41E23 1
6.12E24 1
6.81E23 1
1.6E25 1
1.39E24 1
1.78E26 1
9.46E24 1
9.06E23 1
7.91E23 1
2.73E24 1
7.88E23 1
6.37E23 1
2.64E24 1
4.48E24 1
1.19E24 1
6.1E24 1
2.12E24 1
1.74E25 1
2.25E26 1
1.63E24 1
1.5E24 1
3.33E24 1
4.76E24 1
1.45E24 1
6.4E23 1
1.081E24 1
9.48E23 1
6.42E23 1
1.307E24 1
3.66E24 1
4.7E23 1
1.54E25 1
2.78E24 1
8.9E24 1
1.75E24 1
1.47E25 1
1.29E25 1
9.28E23 1
3.9E27 1
5.44E25 1
3.91E24 1
7.09E23 1
9.21E23 1
1.27E24 1
3.81E23 1
5.86E23 1
1.5E25 1
1.55E25 1
6.25E23 1
3.33E25 1
8.16E23 1
5.45E24 1
2.57E25 1
9.37E23 1
2.08E24 1
2.87E24 1
5.34E25 1
8.91E24 1
7.26E23 1
2.13E24 1
2.26E24 1
6.79E24 1
8.41E24 1
6.45E24 1
2.7E24 1
2.28E24 1
1.76E24 1
2.13E24 1
1.71E24 1
2.24E24 1
4.62E27 1
8.36E25 1
4.21E25 1
4.25E25 1
4.25E24 1
1.61E24 1
5.04E24 1
1.421E24 1
1.47E24 1
7.13E24 1
2.06E24 1
2.77E23 1
2.81E24 1
1.231E25 1
1.48E24 1
1.15E24 1
8.74E23 1
5.31E25 1
6.89E23 1
6.83E23 1
2.38E25 1
2.75E24 1
7.2E23 1
1.097E25 1
1.18E24 1
3.2E23 1
1.61E25 1
1.51E25 1
2.32E24 1
4.38E24 1
5.48E24 1
8.31E23 1
3.97E24 1
1.12E24 1
1.97E24 1
2.11E24 1
5.32E24 1
7.12E24 1
1.39E24 1
4.97E24 1
1.38E24 1
2.71E24 1
1.34E24 1
8E24 1
6.95E24 1
1.1E24 1
2.45E24 1
2.42E24 1
2.09E24 1
5.75E23 1
1.81E25 1
8.01E23 1
2.41E28 1
6.62E25 1
7.23E25 1
6.96E24 1
4.3E25 1
9.56E23 1
1.2E24 1
4.25E23 1
1.9E24 1
2.24E24 1
3.77E24 1
1.033E24 1
2.41E25 1
1.39E24 1
5.47E24 1
1.81E25 1
4.52E23 1
4.23E24 1
2.15E24 1
1.52E25 1
6.24E24 1
2.83E24 1
1.177E24 1
1.074E25 1
2.21E24 1
5.3E24 1
2.01E24 1
1.073E24 1
7.12E24 1
9.19E24 1
1.53E24 1
2.19E24 1
1.18E24 1
7.65E23 1
2.16E24 1
7.55E26 1
3.38E24 1
7.16E23 1
1.45E25 1
1.61E25 1
2.65E24 1
1.34E25 1
2.21E24 1
3.15E24 1
9.45E23 1
1E24 1
4.91E23 1
1.68E24 1
6.34E24 1
3.41E25 1
2.92E24 1
3.96E24 1
1.33E25 1
1.45E25 1
2.49E24 1
1.316E24 1
7.3E24 1
5.78E24 1
9.39E23 1
8.42E23 1
1.195E24 1
1.281E24 1
2.31E24 1
9.82E23 1
2.85E26 1
1.191E24 1
4.01E24 1
2.32E25 1
2.34E25 1
6.73E23 1
1.53E24 1
1.74E24 1
1.73E24 1
2.04E24 1
7.32E23 1
2.16E24 1
6.88E23 1
6.84E24 1
2.59E25 1
2.38E24 1
5.9E23 1
6E24 1
8.21E24 1
8.87E24 1
7.75E23 1
4.34E24 1
5.3E24 1
6.98E23 1
5.19E23 1
8.39E23 1
1.66E25 1
7.97E24 1
4.79E24 1
9.32E24 1
1.67E26 1
1.74E24 1
1.57E24 1
5.8E23 1
1.25E24 1
8.1E24 1
4.52E24 1
1.193E24 1
7.2E23 1
6.29E23 1
8.41E23 1
3.1E24 1
6.65E24 1
1.85E24 1
1.51E24 1
1.74E24 1
1.69E24 1
2.6E25 1
1.68E24 1
6.26E23 1
1.32E24 1
4.7E24 1
1.29E24 1
1.06E24 1
1.46E24 1
6.97E23 1
1.41E24 1
2.16E25 1
8.64E23 1
1.9E24 1
3.39E24 1
1.94E24 1
8.1E23 1
4.98E24 1
5.01E24 1
3.66E24 1
2.19E24 1
1.98E24 1
5.6E25 1
6.48E23 1
2.59E24 1
4.39E27 1
6.11E24 1
4.67E24 1
9.53E24 1
1.64E24 1
9.94E23 1
1.43E24 1
1.52E24 1
1.28E25 1
1.97E24 1
1.88E24 1
9.5E24 1
3.39E24 1
1.45E26 1
1.35E24 1
1.14E24 1
2.82E24 1
5.86E23 1
7.16E23 1
1.014E25 1
1.62E25 1
9.42E23 1
2.05E24 1
6.12E23 1
9.15E23 1
1.53E24 1
5.34E24 1
1.082E24 1
1.33E24 1
5.67E23 1
9.46E23 1
2.11E24 1
7.56E23 1
2.26E24 1
1.78E24 1
1.15E25 1
1.283E24 1
9.01E23 1
8.97E24 1
2.21E24 1
7.5E25 1
1.55E24 1
7.45E23 1
6.02E23 1
6.07E23 1
4.11E23 1
2.59E24 1
2.62E24 1
1.299E24 1
1.059E24 1
2.52E24 1
1.51E24 1
1.66E25 1
6.73E23 1
9.94E24 1
9.02E23 1
1.89E24 1
8.99E23 1
1.94E24 1
9.13E23 1
3.1E24 1
8.98E23 1
4.31E24 1
2.64E24 1
8.97E24 1
3.53E23 1
2.15E24 1
5.78E23 1
1.65E24 1
1.29E24 1
6.91E24 1
2.9E24 1
1.256E24 1
6.99E24 1
1.219E24 1
6.23E23 1
1.336E24 1
5.11E23 1
2.92E24 1
6.98E23 1
1.343E24 1
2.53E24 1
1.98E24 1
2.06E24 1
6.45E23 1
4.97E23 1
1.159E24 1
5.75E24 1
2.9E24 1
5.94E23 1
1.29E24 1
4.69E24 1
1.81E25 1
1.079E24 1
3.49E24 1
3.93E24 1
1.76E24 1
9.96E25 1
5.71E23 1
6.92E23 1
7.54E23 1
1.32E25 1
8.73E23 1
8.65E23 1
1.118E24 1
1.93E24 1
2.08E24 1
3.67E26 1
9.12E23 1
1.58E24 1
1.58E25 1
7.47E23 1
6.63E23 1
2.69E25 1
7.38E23 1
1.21E26 1
5.58E23 1
1.35E25 1
1.115E25 1
2.08E24 1
2.02E24 1
5.37E24 1
8.22E23 1
3.36E24 1
3.23E24 1
1.224E24 1
6.63E24 1
1.83E24 1
5.41E23 1
9.44E23 1
1.254E24 1
3.88E25 1
6.49E24 1
2.2E24 1
1.321E24 1
5.03E24 1
1.27E24 1
7.02E23 1
1.394E24 1
7.96E24 1
1.4E24 1
4.64E23 1
7.44E23 1
1.293E24 1
7.21E23 1
2.1E25 1
1.021E24 1
5.26E24 1
8.29E23 1
3.68E23 1
4.51E23 1
8.69E23 1
5.09E23 1
1.056E24 1
1.345E25 1
1.88E24 1
3.61E24 1
1.27E24 1
2.21E24 1
1.077E24 1
2.59E25 1
9.83E24 1
5.84E23 1
5.32E24 1
4.1E24 1
4.57E25 1
7.32E23 1
1.56E24 1
1.197E24 1
2.93E24 1
2.24E25 1
1.98E25 1
1.5E24 1
3.5E25 1
1.83E24 1
1.3E25 1
8.57E24 1
5.55E24 1
1.36E24 1
2.14E24 1
7.13E23 1
1.041E24 1
6.99E23 1
5.17E23 1
8.61E23 1
3.82E25 1
2.13E24 1
8.61E25 1
6.02E24 1
9.36E23 1
1.37E24 1
1.27E25 1
4.28E24 1
5.26E23 1
6.3E23 1
7.53E23 1
1.59E24 1
3.99E24 1
8.44E23 1
3.4E24 1
2.85E25 1
2.06E24 1
6.53E23 1
1.152E24 1
1.33E24 1
1.41E24 1
6.96E23 1
2.31E25 1
3.28E24 1
2.23E24 1
5.66E23 1
3.35E23 1
9.95E23 1
1.92E24 1
8.21E23 1
3.07E24 1
7.72E25 1
1.73E25 1
4.97E24 1
4.58E23 1
9.16E23 1
2.72E24 1
2.59E24 1
9.4E23 1
1.48E24 1
3.09E24 1
6.54E23 1
1.47E25 1
6.42E23 1
1.92E24 1
4.22E23 1
1.32E24 1
1.79E24 1
8.62E23 1
3.13E23 1
1.317E24 1
2.91E26 1
2.73E25 1
8.36E23 1
4.68E24 1
8.06E24 1
3.99E26 1
1.67E27 1
6.76E24 1
6.35E24 1
2.96E24 1
1.66E24 1
6.83E23 1
1.46E24 1
1.19E24 1
1.74E25 1
4.27E25 1
8.26E23 1
9.95E23 1
2.97E25 1
1.13E24 1
2.24E25 1
9.48E23 1
4.62E24 1
1.09E25 1
6.45E23 1
5.39E23 1
8.43E24 1
2.33E26 1
6.92E24 1
3.4E24 1
4.07E24 1
2.06E25 1
6.07E23 1
7.48E23 1
1.22E24 1
1.47E25 1
3.59E25 1
4.4E24 1
9.29E25 1
6.61E24 1
5.1E24 1
9.46E24 1
2.57E24 1
1.15E25 1
8.34E25 1
1.24E24 1
9.56E26 1
6.02E27 1
8.18E27 1
4.54E25 1
1.96E25 1
9.63E24 1
1.27E24 1
1.48E25 1
4.34E26 1
2.11E25 1
4.39E26 1
2.36E25 1
5.73E25 1
1.01E26 1
7.01E24 1
1.03E27 1
1.07E24 1
1.39E28 1
1.24E24 1
8.28E23 1
1.54E25 1
8.09E23 1
6.26E24 1
2.12E24 1
2.15E24 1
1.017E27 1
2.33E24 1
2.79E24 1
2.08E25 1
1.123E25 1
1.155E25 1
8.22E23 1
3.15E25 1
2.64E25 1
3.71E24 1
1.67E24 1
8.48E24 1
3.94E26 1
2.27E25 1
3.04E25 1
1.41E24 1
1.62E25 1
9.61E23 1
2.43E24 1
2.96E24 1
9.59E24 1
7.22E24 1
8.99E23 1
5.65E23 1
3.29E26 1
3.13E24 1
3.85E24 1
1.44E26 1
1.046E25 1
2.05E24 1
4.11E24 1
6.24E24 1
1.42E24 1
4.12E24 1
1.51E24 1
5.17E24 1
4.37E24 1
4.3E25 1
1.207E24 1
9.6E23 1
2.1E24 1
1.59E24 1
4.22E24 1
1.162E24 1
6.43E24 1
1.72E24 1
6.26E23 1
5.82E24 1
1.93E24 1
2.06E25 1
8.16E25 1
2.07E24 1
7.55E23 1
1.6E24 1
9.18E24 1
3.22E24 1
6.44E24 1
1.77E25 1
3.11E24 1
1.07E25 1
8.44E23 1
6.29E24 1
1.73E24 1
6.91E25 1
4.82E24 1
3.11E25 1
3.95E23 1
1.089E26 1
9.66E23 1
1.151E25 1
4.25E24 1
1.59E24 1
1.81E24 1
1.017E25 1
1.71E24 1
3.62E24 1
3.67E25 1
2.27E25 1
5.65E23 1
3.33E24 1
9.93E23 1
9.69E23 1
2.02E24 1
7.99E24 1
1.028E24 1
5.51E24 1
2.07E24 1
1.72E24 1
2.75E24 1
1.22E24 1
4.52E23 1
2.17E24 1
6.25E23 1
3.11E24 1
4.1E24 1
3.11E24 1
1.22E25 1
9.38E24 1
2.95E24 1
7.39E25 1
3.93E23 1
1.41E25 1
1.029E25 1
3.86E24 1
2.11E26 1
2.52E24 1
5.13E24 1
2.96E24 1
4.57E26 1
1.62E24 1
9.49E23 1
1.48E24 1
6.03E23 1
1.9E24 1
1.9E24 1
2.99E24 1
7.77E24 1
4.12E25 1
1.54E24 1
2.36E25 1
2.25E24 1
4.52E25 1
2.41E24 1
8.84E23 1
8.22E23 1
3.95E25 1
1.17E24 1
1.95E24 1
1.162E24 1
2.54E24 1
8.94E23 1
7.59E24 1
2.46E24 1
1.45E25 1
9.85E23 1
2.1E24 1
1.038E24 1
2.1E24 1
5.75E23 1
6.59E24 1
1.087E25 1
4.63E24 1
1.57E24 1
4.36E24 1
7.67E23 1
4.69E24 1
1.72E24 1
3.51E24 1
3.29E24 1
2.68E24 1
7.74E24 1
1.15E24 1
5.53E24 1
2.36E24 1
8.17E23 1
1.32E24 1
2.28E24 1
3.73E24 1
1.98E27 1
6.39E24 1
5.76E24 1
7.85E24 1
1.033E24 1
1.62E24 1
2.82E24 1
1.5E24 1
1.35E24 1
6.88E23 1
8.2E23 1
1.62E25 1
2.61E24 1
1.57E24 1
3.56E24 1
7.19E23 1
2.21E24 1
3.87E24 1
5.09E24 1
1.23E24 1
3.09E24 1
1.019E24 1
3.54E24 1
3.49E24 1
2.58E24 1
5.79E23 1
7.02E23 1
8.97E23 1
5.99E24 1
4.49E24 1
2.46E24 1
8.64E23 1
1.097E25 1
2.67E24 1
8.91E23 1
1.91E25 1
1.9E24 1
2.18E24 1
3.86E24 1
2.06E25 1
8.09E23 1
2.02E24 1
2.34E24 1
1.79E24 1
5.48E23 1
1.176E24 1
1.576E24 1
1.336E24 1
1.52E24 1
1.84E24 1
9.95E24 1
8.37E23 1
1.36E24 1
1.91E24 1
2.08E24 1
2.92E25 1
3.06E24 1
5.19E24 1
6.96E23 1
1.8E24 1
2.3E24 1
3.4E24 1
1.71E25 1
7.79E25 1
2.94E24 1
2.2E24 1
5.66E24 1
2.1E24 1
2.09E24 1
1.62E24 1
5.45E24 1
2.98E24 1
1.05E25 1
1.22E24 1
1.307E24 1
1.44E24 1
5.95E23 1
8.58E23 1
2.09E24 1
5.83E23 1
7.55E23 1
6.31E24 1
1.33E24 1
5.99E23 1
1.02E25 1
2.33E25 1
1.68E24 1
2.88E24 1
3.53E24 1
2.42E26 1
1.36E25 1
1.22E24 1
7.29E23 1
6.8E23 1
7.25E25 1
1.86E24 1
4.06E24 1
7.74E23 1
1.63E24 1
2.05E25 1
1.36E24 1
2.99E24 1
1E24 1
4.57E24 1
1.44E24 1
1.57E25 1
9.69E23 1
2.22E24 1
1.8E24 1
5E23 1
8.26E23 1
1.89E25 1
7.07E23 1
1.76E24 1
5.38E24 1
4.52E27 1
1.41E25 1
9.03E24 1
5.52E24 1
3.26E24 1
2.77E24 1
1.29E24 1
4.31E24 1
1.75E24 1
8.53E24 1
7.35E24 1
1.225E24 1
2.46E24 1
5.22E23 1
3.93E24 1
1.92E25 1
8.15E23 1
1.81E24 1
3.28E24 1
2.55E24 1
1.99E24 1
2.2E24 1
2.24E24 1
1.58E25 1
1.138E25 1
2.22E24 1
1.86E24 1
3.81E24 1
1.378E24 1
1.44E25 1
2.2E24 1
6.92E25 1
1.061E25 1
5.44E24 1
4.21E23 1
1.142E26 1
1.153E24 1
5.97E23 1
7.28E23 1
2.34E24 1
1.24E24 1
2.9E24 1
3.33E24 1
1.396E25 1
1.001E24 1
1.144E24 1
1.21E24 1
9.73E23 1
3.19E24 1
5.62E23 1
8.88E23 1
6.27E23 1
1.29E24 1
1.058E24 1
4.78E23 1
1.38E24 1
3.62E23 1
8.64E23 1
3.92E23 1
8.65E25 1
4.16E24 1
9.98E23 1
8.87E26 1
3.3E25 1
1.2E24 1
9.92E23 1
2.8E24 1
8.94E23 1
2.31E25 1
2.03E24 1
1.216E25 1
1.36E24 1
7.92E25 1
1.92E24 1
2.18E24 1
1.035E24 1
9.1E23 1
1.63E24 1
8.46E23 1
2.88E23 1
1.037E24 1
4.49E24 1
1.252E24 1
1.04E24 1
2.36E24 1
3.5E24 1
3.72E24 1
1.86E24 1
5.61E23 1
3.48E23 1
8.62E23 1
3.3E24 1
2.76E24 1
4.83E26 1
2.33E25 1
5.33E23 1
4.85E25 1
2.81E24 1
8.72E23 1
3.63E24 1
1.37E26 1
7.59E23 1
2.56E24 1
9.43E24 1
1.89E25 1
5.86E23 1
5.34E23 1
6.54E24 1
2.49E26 1
2.83E25 1
1.121E24 1
1.101E24 1
6.03E24 1
1.29E24 1
1.34E24 1
1.19E24 1
9.47E23 1
1.152E24 1
5.42E23 1
8.34E23 1
2.22E24 1
2.17E24 1
8.49E23 1
8.5E24 1
1.39E24 1
2.74E24 1
6.67E24 1
2.07E24 1
6.99E23 1
7.41E24 1
1.66E24 1
1.52E25 1
4E24 1
2.95E24 1
2.69E24 1
1.63E24 1
1.21E25 1
1.48E24 1
1.39E24 1
1.7E24 1
1.52E24 1
1.56E24 1
6.54E23 1
1.46E24 1
1.28E24 1
9.98E23 1
1.66E24 1
5.25E24 1
1.39E24 1
9.84E24 1
6.51E24 1
3.53E24 1
1.4E24 1
1.078E24 1
1.407E24 1
8.14E24 1
1.088E24 1
1.028E24 1
9.6E23 1
1.243E25 1
5.11E24 1
6.22E24 1
2.97E24 1
9.11E23 1
3.76E24 1
5.96E24 1
1.72E24 1
1.242E24 1
3.86E24 1
5.9E23 1
1.83E25 1
1.076E25 1
1.98E25 1
4.01E24 1
3.32E24 1
8.84E23 1
1.36E24 1
1.221E24 1
7.7E24 1
1.83E24 1
2.58E24 1
6.84E23 1
2.05E25 1
1.59E24 1
1.51E24 1
2.07E24 1
1.165E24 1
1.004E24 1
1.69E24 1
1.56E24 1
1.52E24 1
1.039E24 1
1.292E25 1
2.04E24 1
1.289E24 1
9.37E25 1
9.95E23 1
3.5E24 1
1.88E24 1
9.19E23 1
9.08E23 1
1.82E24 1
1.223E26 1
2.63E24 1
3.54E24 1
5.75E24 1
7.2E23 1
4.26E23 1
6.5E25 1
7.09E24 1
2.88E24 1
4.03E24 1
9.49E23 1
8.5E23 1
2.85E24 1
1.023E25 1
2.94E24 1
1.85E24 1
3.88E23 1
1.69E24 1
7.04E23 1
2.16E24 1
7.76E25 1
2.18E24 1
4.99E25 1
1.38E24 1
8.74E25 1
2.24E24 1
1.09E25 1
8.14E23 1
1.18E24 1
6.77E23 1
5.72E24 1
3.61E24 1
3.94E25 1
1.088E25 1
2.98E24 1
3.11E24 1
1.338E24 1
2.23E24 1
7.52E24 1
1.211E24 1
3.19E24 1
1.37E24 1
8.77E23 1
2.28E24 1
8.73E23 1
4.08E24 1
9.06E23 1
7.4E24 1
6.31E23 1
3.37E24 1
3.01E24 1
7.01E23 1
1.46E24 1
4.52E23 1
6.52E23 1
5.26E23 1
2.32E24 1
3.27E24 1
1.19E24 1
2.36E24 1
8.79E25 1
7.09E24 1
7.01E25 1
4.65E24 1
1.473E24 1
9.98E23 1
1.96E24 1
1.94E24 1
5.38E24 1
7.86E23 1
1.32E24 1
1.33E24 1
9.3E24 1
2.99E25 1
9.54E23 1
7.11E24 1
1.38E24 1
1.67E24 1
3.56E24 1
3.31E24 1
3.39E24 1
8.18E23 1
5.28E23 1
1.42E24 1
1.045E24 1
5.56E24 1
1.05E25 1
3.64E24 1
6.74E23 1
3.42E24 1
1.18E25 1
2.4E24 1
1.72E24 1
9.16E23 1
2.19E24 1
2.07E24 1
1.55E24 1
1.8E24 1
2.86E25 1
6.99E23 1
1.26E24 1
1.56E24 1
4.24E24 1
1.75E24 1
4.09E24 1
1.023E24 1
4.55E23 1
3.12E24 1
2.63E24 1
6.63E24 1
1.55E24 1
1.183E24 1
1.282E24 1
2.42E24 1
1.43E24 1
2.12E24 1
1.157E24 1
1.34E24 1
1.8E24 1
9.05E23 1
1.88E24 1
8.49E23 1
8.66E23 1
4.95E24 1
1.072E24 1
4.9E23 1
2.08E24 1
6.43E24 1
2.8E24 1
4.74E24 1
1.77E24 1
1.23E24 1
4.22E24 1
1.044E24 1
1.81E24 1
1.114E24 1
7.63E23 1
4.78E23 1
3.27E24 1
2.01E24 1
7.61E23 1
2.93E24 1
6.72E23 1
7.68E23 1
6.22E26 1
7.7E23 1
6.77E23 1
1.76E24 1
1.11E24 1
2.23E24 1
1.57E25 1
4.89E24 1
3.05E24 1
6.66E23 1
3.85E24 1
2.13E24 1
1.87E24 1
1.56E24 1
1.28E24 1
2.89E24 1
1.95E24 1
1.95E24 1
1.41E25 1
6.02E24 1
8.98E24 1
1.225E25 1
1.24E25 1
4.44E25 1
1.37E24 1
1.84E24 1
1.422E24 1
6.33E23 1
5.37E24 1
1.94E24 1
5.88E23 1
1.175E24 1
2.86E24 1
2.72E24 1
7.78E24 1
3.09E24 1
7.84E23 1
6.21E23 1
1.121E24 1
1.82E24 1
6.64E23 1
3.91E24 1
2.73E24 1
8.09E23 1
1.67E25 1
8.56E23 1
1.93E25 1
2.46E24 1
5.1E24 1
1.019E24 1
2.83E24 1
4.83E25 1
3.41E23 1
1.61E24 1
1.79E24 1
1.3E24 1
7.27E23 1
3.84E24 1
1.44E25 1
8.85E23 1
1.47E24 1
1.73E24 1
5.41E23 1
6.82E23 1
2.59E24 1
7.52E23 1
4.56E23 1
4.36E23 1
9.72E23 1
5.71E23 1
6.59E23 1
4.26E23 1
6.89E23 1
1.27E24 1
1.259E24 1
1.358E25 1
3.47E26 1
5.54E23 1
1.67E24 1
1.018E24 1
6.69E24 1
4.94E24 1
7.89E24 1
2.41E24 1
2.39E24 1
1.91E24 1
5.83E24 1
1.74E24 1
1.047E24 1
5.24E23 1
9.46E23 1
7.44E23 1
1.42E24 1
6.51E24 1
9.3E24 1
2.29E25 1
2.18E24 1
1.001E24 1
1.89E24 1
1.29E24 1
2.65E24 1
1.347E24 1
1.64E24 1
6.46E23 1
7.9E23 1
5.1E23 1
2.25E24 1
2.22E24 1
9.01E23 1
9.55E24 1
1.41E24 1
1.67E24 1
1.71E24 1
7.6E23 1
7.76E23 1
1.072E24 1
1.93E24 1
3.48E24 1
2.22E24 1
1.91E24 1
8.69E23 1
8.08E23 1
1.8E25 1
8.15E23 1
4.25E24 1
2.6E25 1
2.33E24 1
7.97E23 1
2.53E24 1
1.38E24 1
6.45E23 1
1.7E24 1
2.14E24 1
9.72E23 1
1.32E24 1
2.84E24 1
5.93E23 1
4.76E23 1
6.09E23 1
7.2E23 1
8.29E23 1
9.27E23 1
5.46E25 1
1.29E25 1
3.52E25 1
6.62E25 1
1.23E24 1
3.75E24 1
5.71E23 1
6.37E24 1
1.299E24 1
6.75E24 1
3.39E24 1
5.82E23 1
7.79E24 1
2.38E24 1
9.03E23 1
9.25E24 1
6.34E23 1
6.09E24 1
9.73E23 1
6.11E23 1
5.63E24 1
1.31E25 1
3.6E24 1
5.4E25 1
1.156E25 1
1.8E24 1
8.87E25 1
1.92E24 1
3.31E26 1
3.23E25 1
5.27E27 1
2.64E24 1
5.45E24 1
1.57E24 1
8.23E23 1
8.71E23 1
8.96E25 1
5.74E24 1
2.39E24 1
4.93E24 1
1.72E27 1
3.32E24 1
8.47E23 1
2.27E25 1
2.08E24 1
9.86E23 1
5.76E25 1
2.31E26 1
8.4E24 1
1.72E24 1
2.74E24 1
1.48E24 1
5.24E24 1
1.48E24 1
1.3E24 1
9.08E24 1
2.31E24 1
3E24 1
2.49E24 1
1.317E25 1
7E26 1
2.02E24 1
7.43E23 1
1.83E25 1
6.63E24 1
1.44E26 1
2.9E26 1
2.66E26 1
6.78E24 1
4.6E24 1
4.85E24 1
2.74E24 1
1.004E24 1
2.21E24 1
2.06E26 1
3.9E24 1
2.34E24 1
9.24E23 1
3.46E24 1
1.82E27 1
3.84E24 1
3.26E24 1
1.71E24 1
2.88E25 1
3.79E25 1
3.34E24 1
3.66E26 1
4.9E24 1
2.39E24 1
8.24E23 1
1.208E24 1
2.01E25 1
1.9E24 1
2.02E24 1
7.29E24 1
5.6E24 1
1.94E25 1
1.17E24 1
3.19E24 1
9.35E24 1
1.236E24 1
2.12E24 1
2.76E25 1
1.76E24 1
1.099E28 1
2.49E27 1
4.25E24 1
1.88E24 1
1.291E24 1
5.54E24 1
9.37E24 1
1.61E25 1
2.52E24 1
3.06E26 1
9.37E24 1
7.62E23 1
8.61E24 1
4.68E24 1
3.42E24 1
1.397E24 1
1.51E25 1
2.57E24 1
7.46E24 1
5.64E24 1
1.43E24 1
5.03E25 1
2.29E24 1
1.075E24 1
6.43E23 1
8.99E23 1
1.542E24 1
1.99E25 1
3.98E23 1
7.37E24 1
2.04E24 1
1.291E25 1
4.54E24 1
8.06E23 1
6.67E23 1
1.52E24 1
2.8E24 1
7.15E23 1
1.307E24 1
1.35E24 1
1.156E24 1
2.39E26 1
8.32E23 1
1.91E24 1
1.32E24 1
4.74E23 1
1.89E24 1
1.001E24 1
1.84E24 1
1.134E24 1
1.101E27 1
3.99E24 1
1.77E26 1
7.84E24 1
4.19E25 1
5.61E24 1
2.48E24 1
7.49E24 1
1.6E24 1
2.01E24 1
1.88E24 1
1.71E24 1
1.22E24 1
1.031E25 1
1.89E24 1
1.33E24 1
3.22E25 1
6.25E24 1
1.55E24 1
5.47E23 1
3.31E27 1
6.53E23 1
1.83E25 1
1.078E24 1
2.11E25 1
3.84E24 1
1.56E24 1
5.29E24 1
8.43E23 1
2.18E25 1
7.69E23 1
1.173E24 1
1.23E24 1
5.56E23 1
1.96E24 1
7.03E23 1
5.19E24 1
1.75E24 1
1.55E24 1
7.33E23 1
5.47E24 1
3.49E25 1
1.19E24 1
7.92E23 1
1.99E24 1
2E24 1
3.4E27 1
4.44E24 1
1.32E25 1
7.7E23 1
1.12E25 1
8.35E24 1
1.149E24 1
4.62E24 1
2.68E24 1
1.7E24 1
1.25E25 1
1.33E24 1
1.95E24 1
5.36E23 1
1.41E25 1
5.18E24 1
9.01E23 1
6.61E24 1
1.04E24 1
3.09E24 1
6.82E23 1
1.91E24 1
1.49E26 1
2.44E24 1
5.06E24 1
1.31E25 1
8.34E26 1
4.73E24 1
1.117E25 1
5.33E24 1
2.77E24 1
1.67E24 1
1.83E24 1
4.94E25 1
1.405E24 1
5.98E25 1
1.033E24 1
1.013E26 1
4.11E24 1
3.14E24 1
1.42E25 1
9.45E23 1
5.97E24 1
3.17E24 1
7.03E23 1
7.37E23 1
2.72E24 1
8.52E23 1
5.2E25 1
2.26E24 1
7.49E23 1
3.79E24 1
2.18E24 1
1.75E24 1
7.29E23 1
1.74E24 1
2.01E24 1
7.54E25 1
5.97E24 1
1.056E24 1
1.63E24 1
1.31E27 1
9.55E23 1
1.97E24 1
5.83E24 1
1.147E28 1
1.047E25 1
1.86E24 1
8.37E23 1
2.82E24 1
5.51E26 1
7.79E24 1
5E24 1
2.35E24 1
8.99E25 1
1.27E26 1
6.37E23 1
6.91E24 1
1.208E24 1
9.57E23 1
2.39E24 1
1.33E25 1
6.71E23 1
1.67E24 1
5.21E24 1
2.42E24 1
9.85E23 1
9.95E25 1
1.59E24 1
3.08E24 1
4.1E24 1
8.11E24 1
2.35E25 1
4.49E24 1
8.38E23 1
9.58E24 1
2.78E24 1
4.63E24 1
3.15E24 1
2.25E24 1
1.214E24 1
6.06E26 1
2.19E24 1
2.09E24 1
2.38E24 1
5.96E23 1
3.02E24 1
9.65E23 1
1.189E26 1
2.42E24 1
8.61E23 1
4.29E24 1
1.026E25 1
1.439E25 1
6.31E24 1
9E25 1
3.72E25 1
1.51E25 1
1.454E24 1
8.06E23 1
8.89E23 1
5.11E23 1
1.85E24 1
2.73E24 1
4.09E23 1
8.64E23 1
1.012E25 1
1.62E24 1
8.44E23 1
3.67E25 1
2.45E24 1
6.85E23 1
1.075E24 1
1.83E24 1
1.93E24 1
8.46E23 1
9.28E23 1
1.23E26 1
1.243E24 1
1.247E25 1
9.45E23 1
1.39E24 1
1.055E25 1
1.6E24 1
5.83E23 1
6.34E23 1
1.35E25 1
2.71E25 1
3.11E25 1
7.61E23 1
7.1E23 1
6.68E23 1
5.71E23 1
7.71E23 1
2.59E24 1
2.6E26 1
5.46E24 1
1.72E27 1
7.92E23 1
1.17E24 1
3.3E25 1
9.4E24 1
1.113E26 1
1.7E25 1
8.76E23 1
2.35E26 1
2.19E24 1
8.08E24 1
3.37E24 1
2.03E24 1
1.01E24 1
1.206E24 1
3.39E24 1
8.89E24 1
2.18E26 1
7.27E24 1
8.88E23 1
6.16E26 1
2.67E24 1
4.17E24 1
8.7E24 1
1.96E25 1
3.04E25 1
7.57E24 1
8.08E24 1
5.24E24 1
2.25E24 1
1.44E24 1
1.69E28 1
3.07E25 1
1.26E25 1
9.51E23 1
3.22E24 1
4.9E23 1
1.9E25 1
1.43E24 1
1.62E25 1
1.87E24 1
2E24 1
3.2E24 1
7.17E24 1
6.18E24 1
1.39E24 1
1.81E25 1
9.13E24 1
1.76E24 1
2.64E24 1
3.43E24 1
5.65E24 1
1.47E25 1
4.78E25 1
5.4E23 1
5.6E25 1
9.82E23 1
5.61E23 1
7.42E23 1
5.06E24 1
9.47E23 1
1.08E24 1
3.24E24 1
5.37E23 1
2.51E24 1
5.11E26 1
2.89E24 1
3.26E26 1
1.72E24 1
3.61E24 1
1.161E24 1
4.9E25 1
9.65E23 1
1.74E24 1
1.075E24 1
4.21E24 1
1.31E25 1
9.8E23 1
2.13E24 1
5.25E24 1
4.59E23 1
1.501E24 1
4.18E24 1
3.58E24 1
3.44E24 1
5.17E23 1
1.61E25 1
1.54E24 1
3.38E27 1
7.35E23 1
6.44E25 1
9.7E24 1
3.06E24 1
1.66E26 1
2.35E24 1
8.65E23 1
2.46E24 1
1.99E24 1
2.69E24 1
1.035E24 1
1.307E24 1
4.45E24 1
3.95E23 1
1.48E24 1
2.48E25 1
6.57E24 1
6.51E23 1
2.45E24 1
3.62E24 1
4.15E24 1
3.32E24 1
1.031E28 1
1.331E27 1
3.63E25 1
4.63E24 1
1.92E25 1
1.6E24 1
1.84E24 1
6.05E24 1
7.85E25 1
1.161E26 1
3.84E24 1
2.58E24 1
4.27E24 1
4.02E25 1
1.73E25 1
4.97E26 1
2.4E24 1
3.24E24 1
8.29E24 1
1.5E24 1
2.44E24 1
2.56E25 1
7.49E24 1
8.88E23 1
2.52E24 1
2.1E24 1
1.65E24 1
1.97E24 1
1.91E24 1
1.261E25 1
1.96E24 1
2.33E24 1
2.27E25 1
1.46E24 1
2.05E24 1
4.15E24 1
7.74E23 1
4.05E25 1
9.61E23 1
3.85E23 1
1.46E24 1
5.91E24 1
1.04E24 1
1.88E24 1
1.36E24 1
1.098E24 1
4.24E24 1
2.26E24 1
5.14E24 1
2.29E24 1
1.51E24 1
6.69E24 1
2.48E27 1
3.05E26 1
1.46E25 1
2.61E25 1
9.44E23 1
6.21E23 1
1.98E24 1
1.406E25 1
6.56E23 1
9.93E24 1
2.04E25 1
6.61E23 1
5.25E23 1
1.79E24 1
1.02E25 1
1.44E24 1
7.88E26 1
6.66E25 1
4.4E25 1
4.49E23 1
2.57E24 1
4.31E24 1
1.97E24 1
4.86E23 1
6.77E24 1
1.125E24 1
1.29E24 1
8.52E24 1
3.52E26 1
7.59E24 1
2.02E24 1
9.88E23 1
6.63E26 1
4.12E25 1
5.58E24 1
2.57E24 1
8.95E25 1
7.04E24 1
2.26E25 1
1.3E24 1
4.81E26 1
2.16E25 1
1.78E24 1
2.54E24 1
1.46E24 1
1.82E25 1
5.38E24 1
1.141E26 1
1.63E24 1
1.57E25 1
3.48E24 1
2.03E24 1
2.28E24 1
6.56E24 1
5.75E23 1
1.59E24 1
5.64E23 1
6.13E23 1
5.73E24 1
7.31E23 1
3.11E24 1
1.53E24 1
2.37E24 1
2.76E24 1
3.39E25 1
1.53E24 1
4.16E24 1
2.24E24 1
1.49E24 1
2.09E24 1
1.85E24 1
1.69E24 1
2.51E24 1
9.6E23 1
3.52E24 1
6.58E24 1
3.53E24 1
3.42E24 1
7.41E23 1
1.33E25 1
9E23 1
2.57E25 1
1.63E24 1
2.41E24 1
2.83E24 1
1.82E24 1
6.25E23 1
1.098E25 1
1.91E25 1
2.68E24 1
3E25 1
9.35E24 1
1.64E24 1
2.55E24 1
1.098E25 1
9.07E23 1
8.51E23 1
1.72E24 1
8.24E23 1
7.32E26 1
8.18E23 1
6.14E24 1
5.62E23 1
2.18E24 1
6.95E23 1
3.72E24 1
1.358E25 1
1.74E25 1
2.66E24 1
4.94E24 1
5.82E24 1
5.93E23 1
2.13E24 1
8.65E23 1
1.93E24 1
1.05E24 1
7.71E23 1
1.29E25 1
3.01E24 1
1.093E24 1
5.62E25 1
1.053E24 1
6.38E25 1
3.09E24 1
9.7E24 1
1.041E24 1
4.21E24 1
1.007E26 1
3.47E24 1
3.91E24 1
1.27E24 1
5.7E23 1
3.21E24 1
3.05E24 1
1.48E24 1
2.47E24 1
8.12E24 1
3.32E24 1
5.67E24 1
4.84E23 1
1.81E24 1
8.35E24 1
1.71E24 1
3.91E24 1
1.81E24 1
4.69E24 1
5.23E23 1
9.43E23 1
2.03E24 1
1.28E25 1
2.54E24 1
1.23E24 1
2.05E24 1
7.82E23 1
4.38E23 1
4.36E23 1
6.41E23 1
2.14E24 1
1.27E24 1
7.63E23 1
1.215E28 1
2.05E25 1
6.14E23 1
1.059E24 1
1.109E25 1
5.7E24 1
4.89E24 1
3.76E25 1
1.049E24 1
3.55E24 1
9.39E23 1
1.82E24 1
6.2E23 1
2.74E24 1
1.39E24 1
4.02E24 1
5.68E23 1
2.63E24 1
4.12E24 1
4.87E24 1
1.139E26 1
1.28E24 1
1.28E24 1
4.45E24 1
1.14E24 1
4.75E24 1
2.47E24 1
3.22E24 1
1.09E25 1
2.23E27 1
7.86E24 1
2.3E24 1
8.43E25 1
7.72E23 1
1.106E24 1
1.56E25 1
1.25E24 1
7.12E23 1
7.65E24 1
3.34E25 1
7.23E23 1
1.238E24 1
9.71E24 1
2.44E24 1
4.57E27 1
1.58E25 1
9.7E24 1
1.71E24 1
4.16E24 1
3.31E24 1
6.06E24 1
8.85E23 1
9.42E23 1
2.24E24 1
1.93E24 1
1.71E25 1
2.08E25 1
3.35E24 1
2.27E24 1
2.13E24 1
6.29E23 1
6.3E24 1
1.93E26 1
5.18E24 1
7.31E24 1
7.65E24 1
1.68E24 1
8.93E24 1
1.49E24 1
3.82E24 1
1.46E25 1
1.4E25 1
3E25 1
6.71E23 1
2.58E24 1
4.24E24 1
4.13E24 1
1.053E24 1
4.92E26 1
8.49E23 1
2.13E25 1
9.91E23 1
1.54E24 1
1.276E24 1
6.99E23 1
3.14E24 1
8.72E25 1
4.43E26 1
1.97E24 1
1.453E24 1
6.82E23 1
1.2E26 1
1.8E24 1
5E24 1
1.175E24 1
1.88E24 1
8.61E23 1
1.072E24 1
6.65E23 1
1.71E24 1
5.26E25 1
6.37E26 1
7.71E25 1
1.11E24 1
4.69E23 1
3.47E24 1
8.68E23 1
9.07E23 1
1.72E24 1
1.253E24 1
2.46E24 1
1.24E24 1
2.59E24 1
2.78E23 1
2.44E24 1
3.17E24 1
4.46E25 1
4.51E23 1
4.04E24 1
1.27E24 1
8.2E23 1
8.63E23 1
9.82E23 1
6.87E23 1
2.75E24 1
3.96E25 1
1.84E25 1
1.61E24 1
2.73E24 1
1.43E25 1
1.38E24 1
3.19E24 1
6.61E24 1
2.49E24 1
1.86E24 1
5.68E24 1
4.14E24 1
9.46E23 1
2.17E24 1
5.08E23 1
1.46E24 1
1.256E24 1
4.78E24 1
6.29E23 1
2.46E24 1
1.82E24 1
2.55E24 1
7.34E24 1
5.08E25 1
2.42E24 1
1.189E24 1
7.57E23 1
5.01E24 1
1.089E24 1
2.38E24 1
3.96E24 1
1.71E24 1
2.39E24 1
3.18E24 1
7.71E24 1
1.88E24 1
5.77E25 1
2.02E24 1
4.69E24 1
1.44E24 1
2.3E24 1
3.83E24 1
2.51E24 1
6.38E24 1
3.8E25 1
1.86E24 1
4.36E24 1
6.03E24 1
2.44E24 1
6.71E24 1
2.75E24 1
7.2E23 1
6.03E23 1
1.83E24 1
5.33E24 1
1.25E24 1
1.64E24 1
2.24E24 1
1.67E24 1
1.97E25 1
1.47E24 1
1.01E24 1
3.64E24 1
5.82E24 1
1.305E25 1
8.42E23 1
1.57E24 1
1.7E24 1
1.18E24 1
1.27E24 1
1.59E24 1
2.76E25 1
7.73E23 1
5.09E23 1
4.06E24 1
2.77E25 1
2.58E24 1
5.72E23 1
4.63E24 1
2.46E24 1
1.51E24 1
7.44E23 1
8.59E23 1
2.47E24 1
4.29E24 1
8.57E23 1
7.7E25 1
6.46E24 1
1.424E24 1
5.83E24 1
6.02E26 1
9.9E25 1
1.89E24 1
1.69E24 1
8.01E23 1
1.61E25 1
2.39E24 1
5.4E23 1
1.92E24 1
7.93E25 1
2.79E24 1
2.42E24 1
4.63E24 1
5.12E25 1
1.455E24 1
3.53E24 1
9.9E23 1
9.21E23 1
2.7E24 1
1.93E24 1
2.12E24 1
1.57E24 1
1.93E24 1
1.97E24 1
1.7E24 1
2.93E24 1
3.75E24 1
3.37E24 1
1.43E24 1
2.18E25 1
3.36E24 1
3.66E24 1
2.26E24 1
9.2E23 1
4.76E23 1
1.064E24 1
8.67E23 1
3.73E23 1
7.26E23 1
7.21E23 1
1.259E24 1
1.62E25 1
1.46E24 1
2.72E24 1
1.57E24 1
2.31E24 1
1.54E24 1
2.07E24 1
9.14E23 1
3.65E24 1
6.94E23 1
1.07E24 1
1.273E24 1
1.35E24 1
1.152E24 1
2.12E24 1
1.059E25 1
2.31E24 1
1.267E24 1
6.3E24 1
2.36E24 1
3.43E24 1
1.84E24 1
1.093E24 1
8.23E23 1
3.52E25 1
1.29E24 1
3.59E23 1
1.58E26 1
3.84E24 1
3.55E26 1
6.47E25 1
7.72E24 1
3.07E25 1
8.73E24 1
3.96E24 1
1.85E25 1
2.19E24 1
3.12E24 1
2.3E24 1
4.15E25 1
2.72E24 1
5.43E23 1
7.67E23 1
1.058E24 1
1.58E25 1
4.39E26 1
3.96E24 1
3.96E24 1
1.32E25 1
2.3E24 1
5.35E25 1
1.22E25 1
1.17E25 1
3.33E24 1
8.44E24 1
2.96E24 1
1.41E24 1
7.48E23 1
2.77E25 1
2.41E24 1
3.31E24 1
1.85E25 1
1.43E25 1
1.243E24 1
6.24E23 1
5.87E24 1
4.56E24 1
1.39E24 1
1.53E25 1
2.77E24 1
2.99E24 1
1.052E24 1
2.06E24 1
5E25 1
1.06E24 1
5.83E23 1
3.16E24 1
1.011E24 1
1.67E24 1
4.96E24 1
1.75E25 1
2.76E25 1
1.021E24 1
7.25E24 1
1.44E24 1
6.19E24 1
4.56E24 1
8.17E24 1
1.59E24 1
8.33E23 1
6.15E24 1
2.39E25 1
2.37E24 1
1.87E24 1
1.47E24 1
3.07E24 1
9.43E23 1
6.53E24 1
4.87E25 1
7.18E25 1
3.34E25 1
7.56E25 1
6.14E25 1
1.047E24 1
8.65E23 1
1.47E25 1
4.02E24 1
2.06E25 1
1.166E25 1
3.86E24 1
1.71E24 1
1.62E24 1
5.09E25 1
2.72E24 1
1.372E25 1
4.79E24 1
1.45E25 1
2.04E24 1
8.99E24 1
3.22E24 1
1.61E25 1
2.09E24 1
1.7E24 1
2.82E24 1
8.7E23 1
4.28E24 1
2.37E24 1
4.61E24 1
2.43E24 1
7.15E24 1
8.56E23 1
7.43E25 1
9.05E23 1
3.31E24 1
1.84E24 1
1.46E24 1
8.2E23 1
4.01E24 1
1.77E27 1
3.99E24 1
8.18E23 1
5.48E24 1
1.33E26 1
2.27E24 1
2.69E24 1
1.32E24 1
3.09E24 1
9.73E24 1
1.75E24 1
1.61E24 1
2.39E25 1
6.96E23 1
1.268E24 1
3.41E26 1
5.65E24 1
6.92E23 1
1.005E24 1
9.47E23 1
4.76E24 1
1.259E25 1
5.41E24 1
7.54E23 1
6.86E24 1
1.92E24 1
1.34E24 1
1.472E25 1
9.76E23 1
2.06E24 1
4.74E25 1
1.133E24 1
1.97E24 1
6.45E24 1
8.5E23 1
1.246E24 1
1.89E24 1
2.57E24 1
9.45E23 1
3.64E24 1
9.52E24 1
2.14E24 1
2.01E24 1
1.83E24 1
2.95E24 1
1.49E25 1
4.87E23 1
1.71E24 1
6.88E23 1
1.73E24 1
2.97E24 1
1.003E25 1
3.65E25 1
5.83E26 1
2.65E24 1
1.38E24 1
1.1E24 1
9.79E23 1
1.38E24 1
1.43E24 1
8.59E23 1
1.69E24 1
4.04E25 1
8.82E24 1
7.32E23 1
1.13E24 1
1.137E24 1
1.95E24 1
3.91E24 1
6.16E23 1
3.11E24 1
7.98E23 1
5.35E25 1
1.28E25 1
5.21E24 1
6.18E25 1
1.86E25 1
1.237E24 1
5.41E23 1
1.096E24 1
1.71E24 1
5.03E24 1
7.25E23 1
1.04E24 1
2.27E24 1
1.19E25 1
8.45E23 1
4.27E24 1
1.04E24 1
4.22E23 1
1.52E24 1
1.38E24 1
1.15E24 1
4.26E25 1
4.65E23 1
1.42E24 1
5.08E25 1
4.99E24 1
8.07E23 1
6.55E23 1
5.56E24 1
5.01E24 1
8.2E23 1
6.37E23 1
2.32E24 1
1.92E24 1
7.44E23 1
9.72E23 1
1.74E24 1
6.41E23 1
7.97E25 1
1.19E25 1
5.27E23 1
4.05E24 1
4.1E23 1
8.03E23 1
7.32E24 1
7.23E24 1
4.71E24 1
3.25E23 1
1.028E24 1
2.8E24 1
6.45E23 1
3.41E24 1
9.01E23 1
5.78E23 1
1.209E24 1
1.17E25 1
1.086E24 1
3.9E24 1
4.86E24 1
1.57E24 1
1.69E24 1
8.54E23 1
1.106E24 1
1.28E25 1
3.98E24 1
1.46E25 1
8.19E23 1
4.07E24 1
3.88E24 1
1.46E24 1
1.075E26 1
2.95E24 1
6.06E24 1
9.25E23 1
1.073E26 1
1.167E24 1
1.41E24 1
2.55E24 1
1.71E24 1
8.52E23 1
2.79E24 1
2.99E24 1
1.42E24 1
6.6E24 1
1.061E24 1
9.57E23 1
1.389E24 1
9.68E23 1
5.78E24 1
1.76E24 1
9.87E23 1
1.39E24 1
2.53E25 1
2.98E24 1
5.67E24 1
3.06E24 1
4.58E26 1
1.45E24 1
1.89E24 1
2.34E24 1
9.32E23 1
4.71E23 1
5.56E24 1
1.8E24 1
6.82E24 1
7.85E23 1
6.43E24 1
4.22E23 1
1.38E24 1
1.48E24 1
5.29E23 1
1.06E24 1
1.19E26 1
5.26E23 1
2.04E24 1
1.34E24 1
2.02E24 1
4.45E24 1
1.97E24 1
8.7E25 1
2.41E24 1
2.38E26 1
6.18E23 1
1.47E24 1
3.47E25 1
3.53E24 1
1.48E26 1
1.65E25 1
5.39E24 1
3.27E24 1
3.67E24 1
6.18E23 1
1.23E24 1
1.78E24 1
1.34E24 1
3.35E24 1
9.05E23 1
1.4E24 1
2.13E24 1
7.9E23 1
4.54E23 1
3.98E25 1
3.41E24 1
4.36E24 1
8.88E23 1
5.15E23 1
3.29E24 1
7.25E23 1
1.255E24 1
9.16E25 1
1.73E24 1
1.61E24 1
1.57E25 1
9.95E23 1
3.33E23 1
3.54E24 1
7.05E23 1
3.33E24 1
1E26 1
4.07E24 1
5.69E23 1
2.43E24 1
1.88E25 1
8.2E23 1
9.41E23 1
2.08E24 1
2.85E24 1
5.06E27 1
1.64E24 1
1.041E24 1
9.56E23 1
1.88E24 1
1.83E25 1
6.07E24 1
4.39E24 1
5.28E24 1
7.8E23 1
3.84E24 1
1.34E24 1
3.24E24 1
5.58E23 1
5.05E25 1
1.26E24 1
4.7E24 1
3.09E25 1
2.28E25 1
2.72E24 1
1.127E24 1
7.93E23 1
2.34E24 1
6.86E23 1
2.9E24 1
9.57E24 1
2.24E26 1
4.77E24 1
3.41E24 1
5.26E25 1
1.64E25 1
7.16E24 1
7.6E24 1
1.09E24 1
1.95E24 1
5.34E27 1
2.86E24 1
2.79E24 1
8.81E25 1
5.82E25 1
6.72E23 1
7.87E23 1
1.52E24 1
1.42E25 1
1.71E24 1
5.27E23 1
1.623E24 1
5.57E23 1
3.16E24 1
7.54E23 1
1.38E25 1
1.5E25 1
2.25E24 1
4.97E23 1
7.9E23 1
2.02E24 1
1.49E24 1
1.56E24 1
7.77E23 1
2.09E25 1
3.5E24 1
9.03E25 1
1.137E25 1
1.98E24 1
8.18E23 1
1.85E25 1
6.45E25 1
1.223E25 1
7.59E23 1
2.6E24 1
7.17E23 1
5.78E23 1
1.291E24 1
1.7E24 1
5.05E24 1
5.04E23 1
1.36E24 1
3.63E24 1
8.04E24 1
6.89E24 1
2.36E26 1
3.2E23 1
7.69E23 1
6.59E23 1
5.46E23 1
2.5E24 1
5.14E23 1
1.56E24 1
1.6E24 1
4.36E24 1
3.62E24 1
1.096E25 1
1.47E26 1
8.16E23 1
9.13E23 1
2.87E24 1
3.73E25 1
5.77E24 1
4.44E25 1
8.37E23 1
1.87E24 1
7.3E27 1
1.55E24 1
4.64E23 1
5.35E24 1
3.5E24 1
9.23E24 1
8.58E23 1
6.58E23 1
3.04E24 1
1.36E24 1
2.73E25 1
5.31E24 1
1.3E24 1
1.38E25 1
1.81E24 1
2.3E24 1
5.25E23 1
9.62E23 1
2.01E25 1
1.69E24 1
7.21E23 1
8.8E24 1
2.8E24 1
5.61E23 1
4.23E25 1
7.17E24 1
2.65E24 1
1.47E24 1
2.36E24 1
2.3E24 1
7.24E24 1
1.15E24 1
9.55E24 1
1.126E24 1
1.099E24 1
5.87E23 1
1.165E24 1
1.111E25 1
1.78E24 1
6.89E23 1
3.67E24 1
3.06E24 1
9.44E23 1
4.46E24 1
1.016E24 1
3.33E26 1
3.62E23 1
8.22E23 1
8.05E23 1
2.72E24 1
1.7E24 1
1.73E24 1
8.55E23 1
2.71E23 1
3.76E24 1
1.45E24 1
4.86E23 1
1.72E24 1
7.65E25 1
7.94E23 1
1.38E24 1
3.85E25 1
7.28E23 1
5.43E24 1
5.09E23 1
3.55E23 1
4.47E23 1
1.65E24 1
1.343E24 1
7.89E23 1
2.53E23 1
8.82E23 1
4.9E23 1
8.86E23 1
6.81E23 1
1.011E24 1
6.22E24 1
8.6E23 1
6.2E24 1
7.05E23 1
2.19E24 1
5.01E23 1
1.56E24 1
1.3E24 1
7.25E23 1
1.52E24 1
2.07E24 1
1.117E24 1
4.49E23 1
2.68E23 1
5.05E23 1
3.68E23 1
7.21E23 1
7.9E23 1
2.2E23 1
6.56E23 1
4.11E23 1
6.41E23 1
2.21E24 1
3.17E24 1
5.13E25 1
5.65E23 1
1.05E24 1
1.62E24 1
1.2E24 1
1.88E25 1
3.41E23 1
5.53E25 1
5.22E24 1
5.61E24 1
3.42E24 1
1.8E24 1
1.126E24 1
3.3E25 2
1.73E24 2
5E24 2
7.01E24 2
5.32E24 2
1.55E25 2
1.64E24 2
6.45E24 2
4.01E24 2
6.01E24 2
9.26E24 2
8.51E24 2
2.7E24 2
9.67E23 2
9.44E23 2
1.45E24 2
7.84E23 2
5.61E23 2
3.37E24 2
5.54E24 2
1.36E25 2
2.4E25 2
5.92E23 2
4.3E24 2
3.63E25 2
1.067E24 2
1.79E24 2
1.72E24 2
1.42E25 2
9.73E24 2
5.17E24 2
1.101E24 2
1.49E25 2
3.65E23 2
3.63E24 2
5.67E23 2
1.091E25 2
9.23E23 2
6.45E25 2
5.01E24 2
7.48E23 2
1.76E24 2
1.61E25 2
4.1E23 2
7.34E23 2
3.62E24 2
1.59E26 2
1.54E24 2
8.56E24 2
6.91E24 2
3.76E23 2
1.42E24 2
5.32E25 2
4.02E23 2
4.36E24 2
6.55E23 2
3.44E24 2
1.87E24 2
3.59E24 2
4.46E24 2
2.54E24 2
1.19E25 2
2.48E24 2
7.18E23 2
4.31E23 2
3.93E24 2
1.45E24 2
1.303E24 2
4.25E24 2
1.06E24 2
1.82E24 2
1.58E24 2
9.93E23 2
9.88E25 2
2.46E26 2
1.62E25 2
3.48E24 2
5.37E24 2
8.95E24 2
1.89E24 2
1.7E25 2
1.047E24 2
1.46E24 2
9.64E23 2
2.32E24 2
3.11E24 2
5.56E26 2
5.62E24 2
8.11E24 2
1.1E24 2
9.49E23 2
3.7E24 2
5.12E23 2
9.51E23 2
3.52E25 2
9.6E23 2
2.1E24 2
1.08E24 2
2.86E24 2
4.25E24 2
1.82E24 2
4.05E24 2
9.04E23 2
1.4E25 2
7.57E23 2
1.61E24 2
1.56E24 2
7.19E24 2
1.33E24 2
2.1E24 2
9.35E23 2
7.36E23 2
6.29E23 2
1.072E24 2
2.31E24 2
1.58E24 2
2.97E24 2
6.03E23 2
8.07E24 2
9.05E23 2
2.56E24 2
1.31E24 2
1.6E24 2
6.51E24 2
2.07E24 2
1.16E25 2
1.034E24 2
1.51E24 2
2.67E23 2
1.059E24 2
1.77E24 2
2.38E24 2
1.74E24 2
2.15E25 2
2.38E24 2
2.88E24 2
4.27E24 2
5.75E23 2
5.87E23 2
2.94E24 2
1.89E24 2
5.17E24 2
6.57E23 2
1.95E24 2
8.21E23 2
9.41E23 2
1.51E24 2
1.65E24 2
2.04E24 2
4.03E26 2
8.2E23 2
5.59E23 2
8.1E24 2
9.75E23 2
1.14E25 2
3.26E24 2
1.63E25 2
8.62E24 2
1.21E24 2
1.093E24 2
3.95E23 2
1.46E25 2
1.72E24 2
1.04E24 2
3.02E24 2
8.47E23 2
1.081E24 2
1.43E24 2
3.47E24 2
8.9E23 2
7.9E23 2
5.6E25 2
1.1E24 2
1.17E24 2
1.86E24 2
2.4E24 2
5.41E23 2
2.55E23 2
1.136E24 2
5.73E23 2
2.06E24 2
4.87E24 2
1.33E24 2
4.57E25 2
7.71E23 2
3.89E23 2
6.81E23 2
2.1E24 2
6.81E24 2
2.64E24 2
1.93E24 2
3.14E24 2
5.81E23 2
4.4E23 2
7.99E24 2
1.44E24 2
1.21E24 2
1.23E24 2
8.51E23 2
4.08E23 2
8.8E23 2
1.19E25 2
6.08E23 2
9.35E23 2
1.064E24 2
9.9E24 2
2.22E24 2
5.25E24 2
9.1E23 2
2.8E23 2
4.3E25 2
1.36E24 2
1.09E24 2
2.17E24 2
1.44E24 2
1.04E24 2
9.38E23 2
1.31E24 2
1.46E24 2
5.41E23 2
1.54E24 2
1.21E24 2
2.03E24 2
3.23E24 2
1.7E24 2
2.25E24 2
1.54E24 2
1.08E24 2
2.09E24 2
2.07E25 2
6.13E23 2
1.108E25 2
5.28E23 2
5.74E24 2
2.43E24 2
4.53E24 2
3.27E24 2
2.47E24 2
9.15E24 2
4.38E23 2
2.63E24 2
6.23E23 2
3.42E23 2
6.23E23 2
2.32E23 2
9.74E23 2
2.39E24 2
4.95E24 2
9.04E23 2
2.26E24 2
5.6E23 2
1.55E24 2
2E25 2
9.79E23 2
1.063E24 2
1.99E24 2
1.43E24 2
5.59E24 2
1.22E25 2
8.12E24 2
4.47E24 2
1.44E24 2
6.76E24 2
4.71E23 2
1.74E24 2
5.03E23 2
8.45E23 2
4.87E23 2
1.2E24 2
2.04E24 2
7.61E23 2
6.18E23 2
4.64E23 2
9.7E23 2
2.52E24 2
7.59E23 2
9.74E23 2
1.46E24 2
8.45E23 2
4.34E23 2
2.27E24 2
6.16E24 2
1.139E25 2
4.55E24 2
4.9E23 2
5.52E24 2
7.64E23 2
1.75E24 2
1.21E24 2
2.68E24 2
7.02E23 2
1.45E24 2
3.96E23 2
3.25E23 2
7.46E23 2
3.44E24 2
2E24 2
1.71E24 2
3.46E24 2
8.49E23 2
1.04E24 2
2.96E24 2
6.3E24 2
2.07E24 2
4.34E24 2
6.11E24 2
1.03E24 2
3.08E24 2
1.67E24 2
4.67E25 2
7.5E24 2
4.09E23 2
4.4E23 2
1.95E24 2
6.01E23 2
1.87E24 2
3.29E24 2
1.92E24 2
1.33E24 2
2.24E24 2
4.88E24 2
4.72E24 2
1.5E24 2
1.142E24 2
5.92E24 2
6.85E23 2
5.92E23 2
1.57E25 2
4.87E24 2
7.72E24 2
2.37E24 2
7.84E23 2
1.53E24 2
8.57E25 2
4.69E24 2
5.33E25 2
9.04E23 2
2.3E24 2
3.46E25 2
1.26E24 2
8.78E23 2
4.73E24 2
1.55E24 2
2.82E24 2
1.53E24 2
1.44E25 2
2.78E23 2
1.15E24 2
1.04E24 2
2.32E24 2
1.13E24 2
1.73E24 2
8.53E23 2
7.27E23 2
1.31E24 2
1.17E24 2
7.86E23 2
8.75E24 2
8.79E23 2
9.49E23 2
6.02E23 2
1.54E24 2
1.11E24 2
3.3E25 2
1.95E24 2
3.58E24 2
7E23 2
3.62E24 2
7.33E23 2
4.59E24 2
2.16E24 2
1.48E24 2
3.06E24 2
9E23 2
1.92E24 2
1.3E24 2
1.2E24 2
1.32E24 2
1.058E24 2
1.04E24 2
8.08E23 2
1.145E24 2
7.4E23 2
5.16E24 2
1.08E24 2
2.02E24 2
3.05E24 2
1.8E24 2
2.95E23 2
5.08E23 2
8.9E23 2
6.4E23 2
6.78E23 2
1.33E26 2
2.38E24 2
1.98E24 2
1.141E24 2
2E26 2
1.59E25 2
9.37E23 2
2.89E24 2
3.23E24 2
8.77E23 2
1.09E24 2
7.25E23 2
7.14E24 2
1.76E24 2
1.74E26 2
3.56E24 2
1.19E24 2
1.93E24 2
1.81E24 2
3.08E25 2
5.88E23 2
6.96E23 2
9.86E23 2
2.41E24 2
1.26E24 2
2.01E24 2
9.96E23 2
4.33E24 2
1.024E24 2
9.88E23 2
7.18E23 2
2.78E24 2
6.48E24 2
1.79E25 2
5.33E23 2
1.013E25 2
5.29E24 2
4.04E24 2
5.87E23 2
1.02E24 2
2.68E25 2
8.41E23 2
2.3E24 2
4.11E26 2
1.56E24 2
1.145E24 2
1.55E24 2
3.2E23 2
1.1E24 2
8.87E23 2
8.94E23 2
4.95E24 2
8.3E23 2
7.68E23 2
1.023E24 2
1.015E24 2
4.75E23 2
8.14E23 2
4.87E23 2
2.16E24 2
5.92E24 2
1.024E24 2
4.87E23 2
4.46E23 2
8.99E23 2
1.21E24 2
5.12E23 2
7.16E24 2
5.65E24 2
1.81E25 2
3.52E23 2
1.82E26 2
4.81E23 2
1.03E24 2
5.97E24 2
6.14E23 2
9.9E23 2
3.4E24 2
8.68E23 2
8.92E23 2
2.26E24 2
5.63E23 2
1.024E24 2
1.13E24 2
8.3E23 2
5.88E23 2
2.25E24 2
2.54E24 2
2.27E24 2
6.86E23 2
4.77E23 2
1.146E24 2
8.34E25 2
9.67E25 2
4.2E24 2
9.17E23 2
2.59E24 2
7.99E23 2
8.36E23 2
7.57E23 2
2.27E24 2
1.82E24 2
4.11E23 2
3.62E24 2
2.71E24 2
2.98E26 2
5.35E23 2
6.1E23 2
7E23 2
7.29E23 2
8.22E23 2
3.28E24 2
6.47E24 2
7.69E23 2
2.63E24 2
1.11E24 2
4.93E23 2
1.74E24 2
7.51E23 2
2.48E24 2
2.62E24 2
2.47E24 2
6.62E23 2
4.8E23 2
6.11E23 2
2.06E24 2
3.07E25 2
1.28E25 2
1.09E26 2
2.14E24 2
1.49E24 2
1.189E24 2
1.67E24 2
6.23E23 2
4.9E24 2
2.4E24 2
6.43E23 2
7.22E24 2
1.46E24 2
7.56E23 2
5.45E24 2
7.6E23 2
1.542E24 2
1.32E24 2
1.5E24 2
1.47E24 2
3.77E23 2
4.28E23 2
2.37E24 2
1.92E24 2
7.58E23 2
1.13E24 2
3.07E24 2
1.7E24 2
7.1E23 2
1.92E24 2
2.08E24 2
3.48E24 2
6.37E23 2
1.16E24 2
1.75E24 2
9.65E23 2
3.2E24 2
3.21E24 2
1.107E24 2
4.45E23 2
1.072E24 2
3.29E24 2
2.17E24 2
2.85E25 2
3.47E24 2
1.59E24 2
1.73E24 2
1.47E26 2
7.62E23 2
5.82E23 2
2.85E24 2
3.7E23 2
7.8E23 2
1.085E24 2
2.59E25 2
1.139E24 2
1.66E25 2
5.54E24 2
2.07E25 2
8.17E23 2
3.27E25 2
1.92E24 2
8.11E23 2
1.67E24 2
1.56E24 2
4.65E23 2
2.67E25 2
1.81E24 2
9.86E24 2
1.162E24 2
9.87E23 2
4.39E23 2
3.76E23 2
4.63E23 2
4.8E23 2
7.88E23 2
7.97E23 2
1.17E25 2
4.09E23 2
3.88E23 2
5.1E23 2
5.43E23 2
1.93E24 2
5.42E23 2
1.293E24 2
6E23 2
3.34E23 2
1.59E24 2
1.323E24 2
7.91E23 2
2.83E24 2
3.53E24 2
8.16E23 2
8.72E23 2
1.159E24 2
7.93E23 2
1.104E24 2
2.37E24 2
1.7E24 2
1.85E24 2
4.99E23 2
1.06E24 2
1.35E24 2
9.9E23 2
6.13E23 2
1.028E24 2
1.051E24 2
1.51E24 2
5.08E23 2
5.53E24 2
1.19E24 2
6E24 2
4.74E23 2
8.94E23 2
7.6E23 2
2.99E24 2
1.63E24 2
2.35E24 2
1.97E24 2
2.23E24 2
3.59E23 2
3.88E23 2
1.006E24 2
2.1E24 2
3.65E24 2
7.62E23 2
8.54E23 2
6.48E23 2
2.76E23 2
1.21E24 2
6.38E23 2
8.18E23 2
4.37E23 2
1.061E24 2
5.45E23 2
1.078E24 2
4.42E23 2
2.71E24 2
1.74E24 2
1.45E24 2
3.72E24 2
1.99E24 2
3.73E24 2
3.41E23 2
3.65E24 2
9.99E25 2
2.07E24 2
4.06E24 2
2.26E24 2
1.021E25 2
4.16E24 2
2.04E24 2
4.8E24 2
1.46E24 2
4.67E23 2
2.72E24 2
4.32E24 2
6.22E24 2
1.61E24 2
9.14E23 2
2.34E24 2
1.26E25 2
1.73E24 2
2.36E24 2
2.68E24 2
4.93E24 2
4.75E24 2
1.45E25 2
2.29E24 2
6.64E24 2
9.3E25 2
4.44E24 2
1.074E25 2
5.08E24 2
1.55E24 2
6.14E24 2
3.93E24 2
6.18E24 2
4.52E24 2
4.37E24 2
1.54E24 2
5.43E24 2
5.31E24 2
2.01E24 2
1.78E24 2
2.67E24 2
2.5E24 2
4.17E24 2
2.04E24 2
6.3E24 2
8.16E24 2
1.3E24 2
4.55E24 2
2.02E24 2
4.52E24 2
1.68E25 2
5.71E24 2
3.21E24 2
1.184E26 2
3.35E24 2
7.75E23 2
8.75E23 2
1.024E24 2
9.87E23 2
4.12E25 2
1.43E25 2
3.79E24 2
1.36E25 2
3.65E24 2
2.98E24 2
8.15E23 2
3.21E24 2
1.63E24 2
1.76E24 2
1.14E24 2
6.65E23 2
4.16E24 2
6.18E23 2
8.78E23 2
5.32E24 2
2.64E24 2
1.19E25 2
3.56E24 2
5.08E25 2
5.05E24 2
2.51E25 2
1.08E25 2
7.31E24 2
1.39E24 2
1.88E24 2
1.47E24 2
1.62E24 2
5.45E24 2
5E25 2
2.23E24 2
1.3E25 2
1.37E24 2
3.2E24 2
1.8E24 2
5.31E25 2
2.16E25 2
2.13E25 2
1.57E24 2
1.66E24 2
6.41E24 2
3.85E24 2
1.5E25 2
2.94E24 2
4.87E24 2
2E24 2
4.53E24 2
4.21E24 2
4.89E25 2
1.36E24 2
1.042E25 2
1.041E25 2
6.47E23 2
7.99E24 2
9.71E24 2
2.72E24 2
2.69E24 2
6.46E23 2
2.38E24 2
3.58E24 2
2.18E24 2
1.5E25 2
3.32E24 2
1.64E24 2
6.35E23 2
2.77E24 2
2.53E24 2
3.78E24 2
5.44E24 2
2.05E24 2
1.84E24 2
2.21E24 2
2.86E24 2
9.52E24 2
7.13E23 2
2.11E24 2
2.01E25 2
8.01E24 2
3.64E24 2
3.07E24 2
8.51E23 2
2.8E24 2
5.88E23 2
1.42E24 2
1.16E24 2
2.5E24 2
1.91E24 2
1.18E24 2
1.86E24 2
1.83E24 2
3.93E23 2
1.56E24 2
3.4E24 2
3.5E25 2
1.74E25 2
1.02E24 2
1.97E24 2
6.46E23 2
1.038E24 2
2.51E24 2
1.009E25 2
8.26E23 2
1.67E24 2
5.21E24 2
1.51E24 2
8.85E24 2
3.46E24 2
4.77E24 2
1.11E25 2
1.05E24 2
2.1E25 2
9.78E23 2
1.13E24 2
8.29E24 2
7.35E23 2
9.02E23 2
2.64E24 2
1.55E25 2
5.23E24 2
5.73E24 2
9.78E23 2
2.72E24 2
4.42E24 2
8.48E24 2
1.67E24 2
2.92E24 2
8.26E23 2
6.84E24 2
3.55E24 2
9.5E23 2
1.46E25 2
1.88E24 2
2.86E24 2
4.76E24 2
1.91E24 2
1.84E24 2
8.83E23 2
1.81E24 2
1.77E24 2
8.04E23 2
1.69E24 2
6.93E24 2
4.17E23 2
7.73E24 2
1.129E24 2
4.02E24 2
2.18E24 2
1.23E25 2
7.35E24 2
1.096E25 2
6.35E24 2
3.11E24 2
8.47E24 2
1.96E24 2
3.45E24 2
3.57E24 2
1.76E24 2
1.41E24 2
1.57E24 2
2.98E25 2
4.23E24 2
7.67E24 2
3.04E24 2
4.57E24 2
1.183E25 2
3.25E25 2
8.2E24 2
3.36E24 2
2.44E24 2
7.07E23 2
1.094E24 2
1.37E24 2
5.33E24 2
6.43E24 2
2.57E24 2
2.38E24 2
4.1E24 2
4.12E24 2
7.02E24 2
1.131E24 2
1.85E24 2
1.8E24 2
2.77E25 2
1.27E24 2
5.86E24 2
2.72E24 2
4.21E24 2
8.62E23 2
4.96E24 2
1.79E24 2
7.14E24 2
2.74E24 2
4.04E25 2
1.31E25 2
1.3E24 2
1.1E24 2
5.61E24 2
3.02E24 2
6.05E24 2
3.8E24 2
6.48E24 2
9.64E23 2
3.16E24 2
2.28E24 2
2.18E25 2
4.72E24 2
2.1E24 2
2.11E24 2
6.39E24 2
7.64E23 2
1.021E25 2
2.64E24 2
5.54E23 2
2.62E24 2
1.63E24 2
2.54E24 2
2.61E24 2
1.43E24 2
1.98E24 2
2.7E24 2
3.9E24 2
4.63E23 2
1.22E24 2
2.2E25 2
1.01E24 2
7.17E24 2
3.97E24 2
8.19E23 2
2.22E24 2
2.33E24 2
4.68E24 2
5.76E23 2
2.19E24 2
3.12E24 2
2.74E25 2
1.4E24 2
7.97E24 2
3.62E25 2
2.56E24 2
1.6E24 2
2.79E24 2
2.81E24 2
1.54E24 2
8.72E25 2
1.36E24 2
1.5E25 2
6.24E24 2
1.54E25 2
2.35E24 2
8.49E24 2
1.71E24 2
1.38E25 2
1.09E24 2
8.8E24 2
5.48E24 2
8.43E23 2
2.17E26 2
2.05E25 2
2.18E24 2
4.79E24 2
1.2E24 2
1.23E24 2
3.74E23 2
1.077E24 2
3.56E24 2
4.26E24 2
2.67E24 2
2.34E24 2
1.37E24 2
1.076E24 2
1.395E25 2
1.194E24 2
2.1E25 2
1.32E24 2
1.65E24 2
1.47E24 2
2.17E24 2
2.38E25 2
1.7E25 2
1.56E24 2
4.47E24 2
5.86E24 2
1.07E24 2
4.82E24 2
4.22E24 2
1.014E24 2
8.86E24 2
1.98E24 2
9.08E23 2
1.39E24 2
4.21E23 2
1.14E24 2
4.37E24 2
6.09E24 2
1.85E24 2
2.05E24 2
3.54E23 2
2.18E24 2
5.32E24 2
6.24E24 2
1.034E24 2
1.19E24 2
9.15E23 2
1.36E24 2
1.096E24 2
2.23E24 2
1.98E25 2
1.36E24 2
9.25E23 2
8.35E24 2
7.67E23 2
2.73E24 2
4.97E24 2
1.052E24 2
1.85E24 2
2.98E25 2
3.74E24 2
2.3E24 2
5.07E24 2
6.15E23 2
1.11E24 2
1.25E24 2
2.93E24 2
4.82E24 2
1.148E24 2
9.39E23 2
1.188E25 2
3.06E24 2
3.64E24 2
1.079E24 2
7.5E23 2
1.34E24 2
2.59E24 2
1.246E24 2
2.15E24 2
2.49E24 2
3.26E24 2
1.197E24 2
3.8E24 2
7.86E23 2
1.32E24 2
3.29E24 2
3.06E24 2
2.37E24 2
1.37E25 2
6.76E24 2
2.31E24 2
3.41E24 2
9.8E24 2
9.14E24 2
1.4E25 2
8.89E24 2
4.19E25 2
4.59E25 2
8.86E25 2
2.31E25 2
6.26E24 2
1.74E24 2
1.2E25 2
1.459E24 2
1.95E24 2
1.092E24 2
1.02E24 2
8E23 2
3.47E23 2
3.66E24 2
1.57E25 2
6.71E24 2
1.309E24 2
2.23E24 2
4.68E24 2
7.48E24 2
6.45E23 2
5.19E23 2
1.89E24 2
1.68E25 2
6.67E24 2
1.33E24 2
5.37E23 2
1.68E24 2
1.33E24 2
5.53E25 2
2.65E24 2
3.64E24 2
2.53E24 2
6.07E23 2
1.33E24 2
3.85E24 2
2.63E24 2
6.28E24 2
9.13E25 2
3.02E25 2
4.92E25 2
5.12E23 2
6.96E24 2
3.52E24 2
1.65E25 2
2.63E23 2
4.21E24 2
2.21E24 2
9.1E23 2
1.82E24 2
3.44E24 2
1.55E24 2
8.14E24 2
9.65E24 2
8.39E23 2
5.81E24 2
3.01E24 2
1.15E25 2
1.84E24 2
2.46E25 2
1.78E24 2
2.89E25 2
5.56E25 2
5.29E25 2
5.16E25 2
7.64E24 2
1.66E24 2
4.59E25 2
3.55E24 2
1.74E26 2
1.84E24 2
7.87E24 2
7.34E23 2
2.98E26 2
7.38E24 2
3.86E25 2
1.251E24 2
8.17E25 2
1.08E25 2
9.99E23 2
9.68E24 2
2.24E24 2
2.12E25 2
3.01E24 2
1.32E24 2
4.67E24 2
2.2E24 2
3.38E24 2
6.4E25 2
6E24 2
2.48E25 2
1.42E24 2
5.45E24 2
8.3E23 2
2.52E24 2
4.85E24 2
2.39E24 2
1.257E24 2
3.04E24 2
6.68E23 2
7.7E23 2
2.26E24 2
1.89E24 2
2.58E24 2
1E24 2
6.58E24 2
2.78E24 2
2.51E24 2
3.78E24 2
3.09E24 2
7.4E24 2
2.58E24 2
1.92E24 2
1.76E24 2
1.39E24 2
2.3E24 2
6.21E25 2
2.85E24 2
1.109E24 2
1.49E24 2
5.14E23 2
4.97E23 2
7.41E24 2
4.1E24 2
1.7E24 2
6.23E24 2
1.21E25 2
6.91E23 2
2.79E25 2
3.27E24 2
7.34E23 2
3.89E24 2
2.39E24 2
1.52E24 2
1.44E24 2
4.98E24 2
9.66E23 2
1.22E25 2
1.44E25 2
1.38E24 2
2.98E24 2
2.54E26 2
1.33E26 2
2.5E24 2
8.7E23 2
5.29E24 2
3.52E25 2
1.75E24 2
4.77E23 2
1.12E24 2
1.09E24 2
1.84E24 2
6.59E24 2
7.25E24 2
9.87E23 2
2.39E25 2
1.05E24 2
3.52E24 2
9.94E23 2
2.59E24 2
9.08E24 2
5.67E23 2
1.154E24 2
1.35E24 2
9.06E23 2
1.34E24 2
4.65E23 2
2.42E24 2
5.81E24 2
2.74E24 2
1.53E24 2
3.31E23 2
1.26E24 2
3.66E24 2
1.63E24 2
6.68E23 2
6.03E24 2
4.13E24 2
3.56E25 2
7.71E23 2
1.85E24 2
2.99E24 2
7.85E24 2
4.66E25 2
3.14E25 2
9.8E24 2
6.88E23 2
9.06E23 2
2.68E24 2
4.59E23 2
7.01E23 2
5.38E23 2
5.5E25 2
1.85E24 2
1.64E24 2
1.23E24 2
4.91E24 2
4.27E24 2
4.94E24 2
3.98E24 2
2.24E25 2
6.87E24 2
3.55E24 2
1.106E24 2
4.53E24 2
8.62E23 2
6.31E23 2
2.37E24 2
1.021E24 2
1.3E24 2
1.61E24 2
3.98E25 2
1.84E24 2
7.13E23 2
4.14E24 2
1.006E24 2
7.88E23 2
2.26E24 2
8.7E23 2
2.06E24 2
5.68E23 2
4.92E23 2
2.32E25 2
7.47E23 2
5.42E23 2
2.03E25 2
7.38E24 2
2.14E24 2
3.36E23 2
1.32E25 2
6.95E24 2
1.26E25 2
6.57E24 2
1E24 2
2.75E25 2
2.49E24 2
1.016E25 2
6.38E23 2
2.21E25 2
4.72E24 2
1.85E24 2
6E23 2
9.24E23 2
1.7E24 2
1.052E24 2
2.83E24 2
1.3E24 2
7.83E23 2
2.22E25 2
1.84E25 2
9.13E23 2
1.33E24 2
9.33E23 2
2.15E24 2
9.98E23 2
2.16E24 2
3.86E24 2
4.72E24 2
3.81E23 2
1.84E26 2
1.073E24 2
1.01E24 2
3.4E24 2
5.63E23 2
1.15E24 2
8.67E24 2
6.74E23 2
5.08E24 2
3.83E23 2
3.37E24 2
9.43E24 2
4.03E24 2
1.16E25 2
2.84E23 2
7.62E23 2
7.7E24 2
2.54E24 2
2.62E25 2
2.34E24 2
4.74E24 2
5.8E23 2
1.018E24 2
1.4E25 2
2.88E25 2
5.81E23 2
3.78E24 2
1.64E24 2
1.55E24 2
7.63E24 2
7.34E24 2
8.93E23 2
1.55E24 2
6.03E23 2
1.008E24 2
5.21E23 2
8.91E23 2
8.75E24 2
2.41E24 2
1.39E24 2
6.97E23 2
5.64E23 2
9.6E24 2
1.1E24 2
2.31E24 2
6.3E23 2
5.36E24 2
6.8E24 2
4.23E24 2
2.92E24 2
4.84E24 2
1.17E24 2
1.099E25 2
2.89E24 2
1.46E24 2
9.62E24 2
1.15E24 2
5.25E23 2
9.4E23 2
1.43E24 2
5.46E24 2
8.98E24 2
9.23E23 2
1.9E24 2
6.78E23 2
7.94E23 2
7.91E23 2
9.46E23 2
6.5E24 2
1.59E24 2
1.2E25 2
6.84E24 2
1.394E24 2
1.176E24 2
9.57E23 2
1.15E24 2
1.94E24 2
7.16E23 2
2.13E25 2
6.57E23 2
8.4E23 2
4.2E24 2
7.16E23 2
1.11E24 2
8.79E24 2
1.066E24 2
3.44E25 2
2.43E24 2
1.63E24 2
4.46E25 2
5.51E23 2
1.27E24 2
8.53E23 2
1.5E24 2
6.8E25 2
7.98E24 2
1E24 2
2.98E24 2
8.02E24 2
1.29E25 2
3.11E25 2
9.32E24 2
2.41E24 2
7.15E23 2
1.024E24 2
1.67E24 2
6.23E23 2
2.97E24 2
4.05E24 2
1.37E24 2
2.05E24 2
3.37E24 2
8.28E23 2
1.5E24 2
3.75E24 2
1.44E24 2
1.168E24 2
1.81E24 2
3.36E25 2
7.84E24 2
1.52E24 2
7.58E23 2
1.04E24 2
1.87E25 2
3.3E24 2
6.36E23 2
4.43E24 2
6.51E23 2
6.7E24 2
5.11E23 2
3.34E24 2
5.97E24 2
4.27E24 2
1.059E24 2
9.54E24 2
1.008E24 2
1.159E24 2
2.99E24 2
1.088E24 2
1.81E24 2
8.26E23 2
2.36E24 2
2.87E25 2
9.92E23 2
3.51E24 2
1.036E24 2
1.39E24 2
1.07E24 2
3.39E24 2
1.6E24 2
1.03E24 2
1.23E24 2
1.85E24 2
1.48E24 2
1.53E24 2
1.34E24 2
2.08E24 2
1.2E24 2
7.17E23 2
6.09E24 2
7.37E23 2
5.87E23 2
1.11E25 2
4.06E24 2
1.084E24 2
1.35E24 2
4.45E24 2
2.12E24 2
1.52E24 2
1.66E24 2
1.46E24 2
7.76E23 2
8.7E23 2
1.48E26 2
2.05E24 2
6.08E25 2
1.84E24 2
7.55E23 2
8.77E23 2
1.77E24 2
1.039E24 2
3.73E24 2
2.95E24 2
1.26E24 2
6.7E23 2
4.92E25 2
1.63E24 2
2.63E24 2
6.41E25 2
6.01E23 2
9.03E23 2
9.08E23 2
1.97E24 2
2.12E24 2
1.03E24 2
4.14E24 2
1.57E24 2
1.44E25 2
1.6E25 2
6.59E23 2
1.72E24 2
3.99E23 2
4.15E23 2
2.41E25 2
1.71E24 2
9.74E23 2
4.83E25 2
8.11E23 2
7.38E23 2
2.79E24 2
4.88E23 2
7.29E23 2
8.6E24 2
4.77E23 2
8.08E24 2
7.49E24 2
9.55E23 2
5.82E24 2
4.95E25 2
1.26E24 2
1.92E24 2
1.009E25 2
1.15E24 2
1.46E24 2
1.43E24 2
6.13E23 2
1.24E25 2
9.19E24 2
9.74E23 2
9.94E23 2
5.75E23 2
3.13E24 2
1.47E26 2
1.26E24 2
8.55E23 2
8.07E24 2
3.2E24 2
2.31E24 2
3.89E24 2
5.78E23 2
2.08E23 2
8.79E23 2
1.291E24 2
1.69E24 2
1.45E24 2
9.45E23 2
4.77E23 2
5.73E25 2
1.19E24 2
8.8E23 2
1.13E24 2
3E24 2
2.35E24 2
1.07E25 2
1.31E24 2
1.73E24 2
2.11E25 2
1.32E24 2
4.31E23 2
1.54E24 2
4.83E23 2
1.31E24 2
2.12E25 2
4.09E24 2
5.42E24 2
1.19E25 2
3.85E24 2
4.38E24 2
3.33E24 2
1.8E24 2
1.48E25 2
3.08E24 2
5.19E24 2
3.95E23 2
2.98E24 2
7.77E23 2
3.94E23 2
2.76E25 2
4.45E24 2
1.31E24 2
1.31E24 2
3.3E24 2
1.65E24 2
5.23E24 2
6.1E24 2
2.47E24 2
3.05E24 2
5E23 2
8.45E23 2
4.45E24 2
1.204E24 2
8.1E23 2
2.9E25 2
3E23 2
5.67E23 2
9.17E23 2
7.86E23 2
7.34E23 2
2.62E24 2
4.82E23 2
6.08E23 2
3.6E23 2
2.2E24 2
1.01E24 2
1.26E24 2
8.93E23 2
1.43E24 2
4.31E23 2
7E23 2
2.26E25 2
3.13E24 2
8.64E24 2
9.26E23 2
2.81E23 2
3.81E23 2
1.358E24 2
3.94E24 2
2.91E24 2
1.073E24 2
1.15E25 2
1.23E25 2
4E24 2
2.74E25 2
1.49E25 2
1.61E24 2
4.3E23 2
3.64E23 2
4.64E24 2
1.328E24 2
3.54E25 2
9.47E23 2
