520	72
529	72
530	72
530	72
544	72
545	72
546	72
549	72
553	72
555	72
562	72
565	72
565	72
568	72
579	72
586	72
600	72
600	72
604	72
605	72
621	72
627	72
633	72
636	72
667	72
670	72
671	72
676	72
681	72
682	72
699	72
706	72
725	72
729	72
736	72
741	72
744	72
750	72
758	72
764	72
767	72
778	72
797	72
810	72
849	72
856	72
878	72
900	72
916	72
919	72
922	72
930	72
942	72
943	72
982	72
991	72
1051	72
1059	72
1074	72
1130	72
1148	72
1150	72
1181	72
1189	72
1218	72
1271	72
1302	72
1428	72
1438	72
1442	72
1445	72
1450	72
1498	72
1503	72
1578	72
1895	72
1912	72
1920	72
2090	72
2370	72
2470	72
2522	72
2590	72
2722	72
2737	72
2924	72
3293	72
3544	72
3961	72
5412	72
5856	72
6032	72
6493	72
8648	72
8876	72
13911	72
28055	72
500	73
502	73
502	73
503	73
508	73
510	73
510	73
514	73
526	73
527	73
530	73
532	73
542	73
550	73
555	73
563	73
564	73
570	73
584	73
596	73
597	73
600	73
605	73
612	73
623	73
623	73
627	73
630	73
640	73
640	73
653	73
661	73
666	73
673	73
674	73
679	73
683	73
683	73
690	73
710	73
720	73
730	73
736	73
739	73
750	73
754	73
764	73
774	73
774	73
787	73
788	73
794	73
810	73
810	73
830	73
847	73
851	73
916	73
918	73
996	73
1006	73
1031	73
1054	73
1106	73
1128	73
1160	73
1253	73
1256	73
1276	73
1291	73
1310	73
1400	73
1446	73
1525	73
1734	73
1749	73
1803	73
1810	73
1822	73
1848	73
1907	73
1925	73
1939	73
1995	73
2143	73
2411	73
2429	73
2659	73
3000	73
3053	73
3210	73
3387	73
3501	73
3581	73
3643	73
3651	73
3676	73
3888	73
4027	73
4304	73
4920	73
5230	73
5854	73
7105	73
7133	73
7325	73
8480	73
9875	73
27200	73
500	74
502	74
510	74
513	74
515	74
516	74
522	74
522	74
530	74
532	74
544	74
545	74
548	74
549	74
550	74
553	74
558	74
559	74
562	74
563	74
570	74
584	74
587	74
590	74
595	74
600	74
600	74
602	74
624	74
630	74
631	74
633	74
640	74
646	74
678	74
680	74
696	74
701	74
706	74
719	74
721	74
750	74
753	74
754	74
778	74
780	74
782	74
784	74
800	74
800	74
830	74
850	74
878	74
883	74
883	74
901	74
907	74
910	74
916	74
916	74
945	74
984	74
1008	74
1010	74
1037	74
1100	74
1102	74
1112	74
1126	74
1272	74
1288	74
1385	74
1469	74
1492	74
1500	74
1517	74
1519	74
1530	74
1654	74
1677	74
1701	74
1759	74
1810	74
1851	74
1872	74
1879	74
1886	74
1939	74
1974	74
1993	74
2059	74
2185	74
2187	74
2200	74
2538	74
2652	74
2729	74
2735	74
3000	74
3285	74
3798	74
5416	74
6088	74
6449	74
6805	74
7591	74
9428	74
10665	74
18878	74
41620	74
500	75
500	75
500	75
502	75
515	75
515	75
528	75
530	75
530	75
530	75
540	75
544	75
550	75
550	75
551	75
552	75
557	75
558	75
570	75
572	75
574	75
579	75
583	75
584	75
586	75
593	75
596	75
596	75
600	75
600	75
600	75
605	75
610	75
610	75
613	75
615	75
620	75
622	75
632	75
635	75
635	75
640	75
650	75
650	75
650	75
650	75
672	75
674	75
680	75
700	75
725	75
728	75
736	75
737	75
740	75
748	75
752	75
756	75
756	75
777	75
798	75
800	75
800	75
800	75
826	75
835	75
862	75
885	75
900	75
900	75
910	75
912	75
927	75
940	75
940	75
948	75
957	75
1000	75
1002	75
1009	75
1013	75
1020	75
1024	75
1033	75
1038	75
1041	75
1104	75
1108	75
1137	75
1143	75
1180	75
1243	75
1248	75
1252	75
1280	75
1285	75
1291	75
1293	75
1298	75
1300	75
1305	75
1327	75
1387	75
1455	75
1475	75
1479	75
1485	75
1491	75
1515	75
1519	75
1587	75
1700	75
1708	75
1820	75
1822	75
1848	75
1906	75
2110	75
2251	75
2362	75
2497	75
2690	75
2760	75
2794	75
2886	75
2924	75
2953	75
3289	75
3860	75
4016	75
4300	75
4397	75
4585	75
4810	75
6855	75
7371	75
7772	75
7834	75
13000	75
13484	75
17237	75
52600	75
500	76
500	76
503	76
503	76
505	76
505	76
508	76
513	76
514	76
519	76
520	76
520	76
520	76
523	76
524	76
527	76
529	76
529	76
530	76
532	76
537	76
538	76
539	76
540	76
540	76
544	76
545	76
550	76
552	76
555	76
559	76
560	76
566	76
566	76
570	76
571	76
571	76
582	76
585	76
590	76
593	76
598	76
600	76
600	76
600	76
600	76
603	76
605	76
610	76
610	76
618	76
619	76
620	76
624	76
630	76
631	76
650	76
651	76
655	76
655	76
660	76
675	76
675	76
680	76
699	76
699	76
702	76
704	76
708	76
709	76
710	76
722	76
737	76
760	76
764	76
766	76
766	76
773	76
779	76
785	76
786	76
790	76
790	76
796	76
800	76
802	76
802	76
823	76
830	76
832	76
837	76
840	76
848	76
850	76
850	76
855	76
865	76
868	76
894	76
911	76
920	76
935	76
945	76
949	76
972	76
1000	76
1000	76
1000	76
1036	76
1066	76
1087	76
1098	76
1106	76
1126	76
1132	76
1162	76
1164	76
1165	76
1165	76
1196	76
1202	76
1210	76
1230	76
1236	76
1250	76
1274	76
1275	76
1288	76
1289	76
1299	76
1358	76
1369	76
1369	76
1400	76
1410	76
1430	76
1440	76
1446	76
1460	76
1471	76
1510	76
1583	76
1589	76
1600	76
1647	76
1660	76
1680	76
1723	76
1725	76
1825	76
1876	76
1893	76
1895	76
1922	76
1952	76
1985	76
2000	76
2014	76
2032	76
2159	76
2171	76
2230	76
2233	76
2305	76
2350	76
2399	76
2493	76
2515	76
2531	76
2584	76
2667	76
2686	76
2728	76
2832	76
2836	76
2838	76
3040	76
3097	76
3240	76
3285	76
3364	76
3512	76
3620	76
3835	76
3962	76
4053	76
4261	76
4272	76
4500	76
4822	76
4933	76
5062	76
5142	76
5154	76
5470	76
6000	76
6000	76
6139	76
6246	76
7739	76
7871	76
8168	76
9144	76
9500	76
15190	76
27983	76
196359	76
500	77
500	77
500	77
500	77
500	77
501	77
502	77
503	77
503	77
506	77
507	77
508	77
515	77
515	77
520	77
520	77
521	77
525	77
525	77
529	77
530	77
530	77
530	77
536	77
538	77
539	77
540	77
541	77
541	77
544	77
546	77
555	77
558	77
559	77
560	77
570	77
570	77
570	77
571	77
572	77
572	77
578	77
579	77
580	77
580	77
590	77
597	77
600	77
600	77
600	77
601	77
605	77
607	77
607	77
610	77
610	77
613	77
615	77
625	77
627	77
630	77
633	77
639	77
641	77
645	77
650	77
650	77
650	77
650	77
650	77
650	77
655	77
656	77
657	77
670	77
675	77
678	77
679	77
680	77
682	77
686	77
700	77
700	77
722	77
723	77
725	77
728	77
740	77
750	77
750	77
752	77
770	77
770	77
775	77
776	77
785	77
788	77
793	77
794	77
797	77
800	77
801	77
804	77
815	77
820	77
840	77
850	77
870	77
873	77
875	77
889	77
900	77
903	77
905	77
917	77
923	77
928	77
931	77
940	77
958	77
979	77
982	77
988	77
990	77
990	77
999	77
1000	77
1000	77
1000	77
1001	77
1008	77
1009	77
1015	77
1016	77
1024	77
1042	77
1055	77
1055	77
1055	77
1060	77
1088	77
1094	77
1108	77
1110	77
1121	77
1122	77
1130	77
1130	77
1138	77
1172	77
1172	77
1196	77
1200	77
1221	77
1240	77
1240	77
1265	77
1274	77
1285	77
1287	77
1289	77
1291	77
1353	77
1355	77
1360	77
1430	77
1436	77
1450	77
1483	77
1510	77
1550	77
1552	77
1562	77
1570	77
1594	77
1618	77
1628	77
1647	77
1699	77
1712	77
1733	77
1738	77
1743	77
1750	77
1859	77
1890	77
1933	77
1943	77
1956	77
2060	77
2065	77
2185	77
2205	77
2230	77
2298	77
2376	77
2384	77
2391	77
2438	77
2446	77
2454	77
2485	77
2503	77
2524	77
2575	77
2600	77
2746	77
2819	77
3000	77
3055	77
3077	77
3114	77
3565	77
3944	77
4071	77
4260	77
4425	77
4792	77
4977	77
5023	77
5400	77
5494	77
6443	77
6705	77
7555	77
7640	77
8403	77
8988	77
9387	77
11953	77
14133	77
19275	77
25214	77
26631	77
95032	77
500	78
500	78
500	78
500	78
500	78
500	78
500	78
500	78
500	78
500	78
500	78
500	78
501	78
503	78
503	78
504	78
505	78
506	78
506	78
508	78
509	78
510	78
510	78
511	78
512	78
512	78
515	78
515	78
515	78
520	78
522	78
523	78
525	78
525	78
527	78
528	78
531	78
534	78
535	78
535	78
537	78
540	78
540	78
550	78
550	78
550	78
550	78
550	78
550	78
550	78
550	78
555	78
560	78
560	78
560	78
566	78
566	78
573	78
576	78
580	78
580	78
580	78
584	78
590	78
590	78
597	78
600	78
600	78
600	78
600	78
600	78
600	78
604	78
604	78
605	78
610	78
613	78
616	78
617	78
619	78
625	78
628	78
630	78
637	78
639	78
640	78
641	78
642	78
647	78
647	78
650	78
653	78
656	78
657	78
662	78
665	78
675	78
685	78
695	78
700	78
714	78
715	78
715	78
720	78
720	78
731	78
735	78
738	78
741	78
750	78
750	78
752	78
756	78
757	78
760	78
763	78
770	78
770	78
772	78
773	78
780	78
780	78
785	78
794	78
800	78
800	78
800	78
800	78
800	78
806	78
806	78
814	78
815	78
820	78
823	78
848	78
858	78
860	78
865	78
875	78
880	78
885	78
900	78
900	78
911	78
915	78
920	78
920	78
926	78
938	78
948	78
950	78
971	78
975	78
977	78
978	78
988	78
1000	78
1000	78
1001	78
1009	78
1020	78
1020	78
1020	78
1031	78
1038	78
1053	78
1060	78
1061	78
1077	78
1078	78
1080	78
1080	78
1084	78
1085	78
1094	78
1094	78
1098	78
1111	78
1117	78
1124	78
1125	78
1130	78
1135	78
1145	78
1168	78
1175	78
1180	78
1187	78
1192	78
1196	78
1200	78
1200	78
1236	78
1241	78
1245	78
1251	78
1258	78
1270	78
1273	78
1275	78
1287	78
1300	78
1307	78
1317	78
1347	78
1370	78
1400	78
1407	78
1413	78
1435	78
1442	78
1459	78
1480	78
1483	78
1500	78
1500	78
1500	78
1520	78
1552	78
1572	78
1582	78
1601	78
1609	78
1612	78
1620	78
1625	78
1629	78
1660	78
1661	78
1664	78
1715	78
1720	78
1723	78
1747	78
1750	78
1787	78
1834	78
1883	78
1903	78
1924	78
1941	78
2005	78
2006	78
2013	78
2015	78
2050	78
2055	78
2066	78
2101	78
2109	78
2125	78
2160	78
2185	78
2190	78
2220	78
2233	78
2310	78
2329	78
2353	78
2360	78
2415	78
2468	78
2500	78
2621	78
2682	78
2797	78
3010	78
3061	78
3317	78
3435	78
3463	78
3527	78
3678	78
3695	78
3839	78
4091	78
4130	78
4222	78
4499	78
4600	78
4900	78
5076	78
5222	78
5997	78
7543	78
7588	78
7989	78
8050	78
8256	78
8273	78
8491	78
9005	78
14971	78
18418	78
24012	78
26804	78
32120	78
75841	78
500	79
500	79
500	79
500	79
500	79
500	79
500	79
500	79
501	79
501	79
502	79
503	79
505	79
505	79
510	79
512	79
515	79
515	79
520	79
521	79
522	79
522	79
522	79
524	79
530	79
530	79
533	79
535	79
535	79
535	79
537	79
539	79
539	79
540	79
540	79
547	79
550	79
550	79
550	79
553	79
555	79
555	79
555	79
556	79
557	79
560	79
563	79
565	79
565	79
567	79
568	79
570	79
570	79
570	79
575	79
575	79
577	79
584	79
584	79
585	79
585	79
588	79
590	79
590	79
590	79
591	79
592	79
600	79
600	79
600	79
600	79
601	79
602	79
610	79
610	79
614	79
614	79
615	79
615	79
616	79
628	79
630	79
630	79
630	79
632	79
635	79
637	79
640	79
640	79
640	79
646	79
650	79
652	79
652	79
653	79
654	79
660	79
660	79
660	79
665	79
667	79
668	79
670	79
671	79
677	79
678	79
680	79
682	79
690	79
695	79
700	79
700	79
700	79
702	79
703	79
705	79
706	79
707	79
715	79
718	79
719	79
720	79
720	79
726	79
731	79
739	79
740	79
742	79
743	79
744	79
750	79
752	79
758	79
760	79
760	79
769	79
774	79
780	79
785	79
786	79
800	79
800	79
800	79
800	79
800	79
800	79
801	79
801	79
806	79
810	79
814	79
820	79
825	79
830	79
837	79
844	79
850	79
850	79
850	79
852	79
855	79
860	79
860	79
869	79
873	79
875	79
885	79
887	79
891	79
891	79
900	79
900	79
900	79
900	79
909	79
912	79
930	79
930	79
935	79
940	79
940	79
941	79
952	79
955	79
955	79
957	79
980	79
987	79
988	79
995	79
1000	79
1000	79
1000	79
1000	79
1010	79
1010	79
1020	79
1024	79
1026	79
1031	79
1032	79
1043	79
1050	79
1051	79
1070	79
1070	79
1075	79
1090	79
1090	79
1093	79
1095	79
1100	79
1100	79
1105	79
1110	79
1150	79
1150	79
1152	79
1160	79
1161	79
1168	79
1169	79
1170	79
1201	79
1203	79
1214	79
1220	79
1233	79
1250	79
1252	79
1252	79
1261	79
1276	79
1279	79
1290	79
1290	79
1295	79
1319	79
1323	79
1326	79
1328	79
1328	79
1330	79
1337	79
1339	79
1345	79
1352	79
1385	79
1397	79
1400	79
1400	79
1405	79
1408	79
1441	79
1445	79
1468	79
1510	79
1514	79
1530	79
1550	79
1600	79
1610	79
1627	79
1631	79
1639	79
1650	79
1678	79
1705	79
1767	79
1800	79
1817	79
1825	79
1836	79
1858	79
1887	79
1900	79
1932	79
1961	79
2005	79
2014	79
2027	79
2035	79
2054	79
2116	79
2144	79
2200	79
2213	79
2230	79
2234	79
2242	79
2281	79
2327	79
2339	79
2340	79
2342	79
2342	79
2387	79
2428	79
2481	79
2507	79
2545	79
2560	79
2645	79
2679	79
2698	79
2700	79
2747	79
2759	79
2824	79
2876	79
2970	79
3283	79
3296	79
3300	79
3332	79
3345	79
3363	79
3383	79
3583	79
3674	79
3702	79
3891	79
3904	79
4000	79
4043	79
4095	79
4207	79
4210	79
4234	79
4300	79
4885	79
4918	79
5100	79
5335	79
5398	79
5506	79
5512	79
5772	79
6602	79
6980	79
7066	79
7254	79
7257	79
7672	79
7861	79
8444	79
8470	79
8742	79
9000	79
9117	79
9558	79
9636	79
14089	79
14537	79
19474	79
500	80
500	80
500	80
500	80
500	80
500	80
500	80
500	80
500	80
500	80
500	80
500	80
505	80
507	80
508	80
513	80
514	80
520	80
520	80
520	80
520	80
524	80
528	80
530	80
530	80
530	80
530	80
531	80
532	80
535	80
536	80
537	80
538	80
540	80
540	80
540	80
541	80
541	80
545	80
546	80
547	80
549	80
550	80
550	80
550	80
550	80
550	80
550	80
550	80
551	80
553	80
558	80
559	80
560	80
560	80
565	80
565	80
567	80
568	80
570	80
571	80
575	80
575	80
578	80
580	80
580	80
580	80
580	80
582	80
582	80
583	80
585	80
585	80
585	80
590	80
593	80
595	80
595	80
595	80
598	80
600	80
600	80
600	80
600	80
600	80
600	80
600	80
600	80
600	80
600	80
602	80
605	80
606	80
606	80
607	80
610	80
612	80
612	80
615	80
618	80
620	80
623	80
625	80
625	80
630	80
632	80
633	80
635	80
635	80
640	80
642	80
650	80
650	80
650	80
650	80
652	80
655	80
656	80
660	80
664	80
665	80
670	80
671	80
675	80
675	80
680	80
683	80
685	80
685	80
691	80
695	80
697	80
701	80
703	80
710	80
718	80
720	80
721	80
732	80
735	80
735	80
737	80
738	80
747	80
749	80
750	80
756	80
757	80
762	80
764	80
765	80
775	80
785	80
793	80
793	80
795	80
795	80
797	80
799	80
800	80
800	80
806	80
808	80
810	80
815	80
820	80
822	80
822	80
830	80
830	80
831	80
832	80
834	80
834	80
844	80
845	80
847	80
850	80
850	80
850	80
856	80
859	80
860	80
863	80
869	80
870	80
870	80
874	80
878	80
880	80
881	80
882	80
892	80
895	80
900	80
900	80
900	80
906	80
918	80
925	80
925	80
928	80
930	80
931	80
932	80
934	80
940	80
945	80
958	80
959	80
970	80
975	80
975	80
990	80
998	80
1000	80
1000	80
1000	80
1000	80
1004	80
1024	80
1027	80
1028	80
1029	80
1030	80
1033	80
1033	80
1041	80
1060	80
1086	80
1090	80
1093	80
1100	80
1105	80
1106	80
1120	80
1130	80
1140	80
1141	80
1160	80
1180	80
1186	80
1196	80
1200	80
1200	80
1200	80
1205	80
1210	80
1220	80
1261	80
1270	80
1289	80
1290	80
1296	80
1300	80
1304	80
1315	80
1326	80
1345	80
1377	80
1378	80
1391	80
1397	80
1401	80
1404	80
1418	80
1420	80
1428	80
1429	80
1443	80
1455	80
1488	80
1535	80
1550	80
1590	80
1598	80
1617	80
1620	80
1640	80
1642	80
1649	80
1659	80
1676	80
1715	80
1743	80
1748	80
1772	80
1800	80
1831	80
1860	80
1877	80
1896	80
2095	80
2099	80
2110	80
2123	80
2144	80
2147	80
2153	80
2178	80
2186	80
2200	80
2254	80
2283	80
2285	80
2300	80
2330	80
2334	80
2400	80
2464	80
2470	80
2480	80
2483	80
2517	80
2520	80
2545	80
2686	80
2692	80
2800	80
2947	80
3015	80
3033	80
3045	80
3115	80
3168	80
3199	80
3296	80
3500	80
3510	80
3543	80
3577	80
3600	80
3641	80
3717	80
3829	80
3867	80
4035	80
4156	80
4227	80
4240	80
4312	80
4360	80
4371	80
4380	80
4441	80
4560	80
4563	80
4935	80
5123	80
5162	80
5300	80
6098	80
6180	80
6200	80
6372	80
6420	80
6512	80
6894	80
7046	80
7525	80
7785	80
8213	80
8390	80
8656	80
8824	80
8913	80
8974	80
9930	80
10796	80
13555	80
15065	80
15983	80
19766	80
500	81
500	81
501	81
502	81
503	81
505	81
505	81
510	81
510	81
512	81
513	81
515	81
518	81
520	81
520	81
524	81
525	81
525	81
525	81
526	81
527	81
528	81
529	81
530	81
531	81
531	81
532	81
535	81
536	81
536	81
537	81
540	81
540	81
545	81
546	81
546	81
550	81
553	81
554	81
555	81
555	81
559	81
559	81
560	81
560	81
562	81
562	81
565	81
565	81
574	81
575	81
577	81
579	81
580	81
581	81
585	81
585	81
588	81
589	81
594	81
594	81
596	81
598	81
600	81
600	81
600	81
600	81
600	81
600	81
600	81
600	81
601	81
604	81
604	81
607	81
613	81
614	81
614	81
615	81
616	81
616	81
619	81
620	81
624	81
628	81
630	81
630	81
631	81
632	81
634	81
634	81
635	81
637	81
646	81
650	81
650	81
650	81
650	81
656	81
656	81
657	81
659	81
660	81
664	81
665	81
667	81
670	81
672	81
675	81
675	81
678	81
680	81
681	81
682	81
697	81
700	81
700	81
704	81
705	81
705	81
705	81
724	81
728	81
731	81
732	81
735	81
738	81
743	81
750	81
751	81
752	81
754	81
755	81
760	81
760	81
761	81
770	81
774	81
774	81
776	81
777	81
781	81
781	81
784	81
786	81
792	81
794	81
797	81
797	81
800	81
800	81
801	81
804	81
805	81
806	81
807	81
808	81
810	81
811	81
811	81
811	81
812	81
812	81
814	81
817	81
818	81
820	81
820	81
820	81
822	81
823	81
823	81
824	81
824	81
824	81
828	81
831	81
840	81
843	81
843	81
847	81
850	81
850	81
852	81
853	81
860	81
860	81
863	81
864	81
865	81
866	81
867	81
867	81
871	81
877	81
879	81
880	81
882	81
885	81
885	81
887	81
888	81
888	81
891	81
900	81
900	81
900	81
901	81
902	81
903	81
913	81
919	81
923	81
924	81
932	81
935	81
940	81
940	81
944	81
945	81
947	81
950	81
950	81
950	81
965	81
965	81
968	81
970	81
970	81
977	81
994	81
995	81
995	81
997	81
1000	81
1000	81
1000	81
1004	81
1005	81
1008	81
1014	81
1015	81
1023	81
1035	81
1038	81
1046	81
1048	81
1050	81
1050	81
1052	81
1052	81
1057	81
1063	81
1070	81
1070	81
1076	81
1087	81
1090	81
1091	81
1096	81
1101	81
1102	81
1113	81
1114	81
1120	81
1130	81
1131	81
1150	81
1152	81
1154	81
1155	81
1162	81
1170	81
1177	81
1189	81
1191	81
1193	81
1200	81
1200	81
1200	81
1200	81
1205	81
1210	81
1218	81
1238	81
1238	81
1241	81
1250	81
1250	81
1256	81
1257	81
1272	81
1278	81
1289	81
1299	81
1300	81
1316	81
1331	81
1349	81
1374	81
1378	81
1382	81
1396	81
1426	81
1429	81
1439	81
1443	81
1446	81
1473	81
1475	81
1478	81
1499	81
1506	81
1559	81
1568	81
1594	81
1609	81
1626	81
1649	81
1650	81
1669	81
1675	81
1687	81
1715	81
1720	81
1735	81
1750	81
1755	81
1787	81
1797	81
1805	81
1898	81
1908	81
1940	81
1989	81
2010	81
2012	81
2024	81
2047	81
2081	81
2085	81
2097	81
2136	81
2178	81
2181	81
2193	81
2200	81
2220	81
2301	81
2354	81
2359	81
2382	81
2409	81
2418	81
2430	81
2477	81
2500	81
2534	81
2572	81
2588	81
2591	81
2599	81
2660	81
2700	81
2700	81
2744	81
2845	81
2911	81
2952	81
3006	81
3021	81
3048	81
3059	81
3092	81
3152	81
3276	81
3289	81
3440	81
3447	81
3498	81
3705	81
3870	81
3896	81
3969	81
4000	81
4009	81
4196	81
4202	81
4311	81
4467	81
4490	81
4601	81
4697	81
5100	81
5120	81
5136	81
5141	81
5165	81
5260	81
5329	81
5778	81
5794	81
6285	81
6460	81
6917	81
7295	81
7701	81
8032	81
8142	81
8864	81
9263	81
9359	81
10801	81
11037	81
11504	81
11933	81
11998	81
12000	81
14153	81
15000	81
15398	81
19793	81
23150	81
27769	81
28288	81
34325	81
42691	81
62037	81
77839	81
500	82
500	82
500	82
500	82
500	82
500	82
500	82
500	82
500	82
500	82
500	82
501	82
501	82
502	82
504	82
508	82
509	82
517	82
522	82
523	82
526	82
529	82
530	82
530	82
530	82
530	82
534	82
535	82
537	82
537	82
538	82
540	82
542	82
547	82
549	82
550	82
550	82
550	82
550	82
550	82
550	82
553	82
554	82
555	82
556	82
557	82
557	82
560	82
560	82
566	82
569	82
569	82
570	82
573	82
574	82
575	82
576	82
576	82
578	82
578	82
579	82
580	82
580	82
580	82
582	82
582	82
588	82
589	82
598	82
600	82
600	82
600	82
600	82
600	82
610	82
612	82
613	82
616	82
620	82
630	82
630	82
633	82
637	82
638	82
640	82
640	82
642	82
645	82
650	82
650	82
650	82
650	82
650	82
650	82
650	82
654	82
654	82
655	82
656	82
660	82
661	82
668	82
670	82
671	82
675	82
689	82
695	82
700	82
700	82
700	82
700	82
700	82
700	82
700	82
700	82
703	82
708	82
711	82
712	82
713	82
715	82
716	82
718	82
720	82
720	82
720	82
720	82
721	82
722	82
723	82
725	82
726	82
730	82
730	82
735	82
736	82
741	82
745	82
745	82
745	82
747	82
750	82
750	82
750	82
750	82
750	82
752	82
760	82
762	82
762	82
762	82
767	82
768	82
770	82
770	82
770	82
773	82
780	82
780	82
786	82
798	82
800	82
800	82
800	82
800	82
800	82
800	82
800	82
800	82
805	82
815	82
816	82
818	82
830	82
831	82
832	82
836	82
837	82
843	82
847	82
850	82
850	82
850	82
853	82
855	82
855	82
860	82
864	82
866	82
870	82
870	82
870	82
880	82
881	82
881	82
898	82
899	82
900	82
900	82
900	82
900	82
900	82
900	82
900	82
901	82
905	82
907	82
907	82
910	82
910	82
910	82
911	82
915	82
920	82
923	82
924	82
925	82
932	82
940	82
941	82
950	82
950	82
950	82
950	82
950	82
951	82
965	82
974	82
975	82
985	82
988	82
990	82
993	82
997	82
1000	82
1000	82
1000	82
1000	82
1000	82
1000	82
1000	82
1000	82
1000	82
1000	82
1000	82
1009	82
1016	82
1017	82
1025	82
1034	82
1050	82
1050	82
1050	82
1051	82
1065	82
1075	82
1098	82
1114	82
1122	82
1138	82
1139	82
1143	82
1147	82
1149	82
1153	82
1158	82
1161	82
1164	82
1181	82
1183	82
1191	82
1196	82
1200	82
1200	82
1200	82
1201	82
1210	82
1215	82
1232	82
1233	82
1245	82
1253	82
1257	82
1266	82
1270	82
1279	82
1290	82
1300	82
1300	82
1327	82
1368	82
1384	82
1384	82
1394	82
1395	82
1400	82
1400	82
1404	82
1420	82
1425	82
1436	82
1446	82
1453	82
1495	82
1500	82
1500	82
1519	82
1536	82
1547	82
1558	82
1563	82
1571	82
1573	82
1576	82
1600	82
1600	82
1600	82
1610	82
1622	82
1672	82
1674	82
1679	82
1700	82
1700	82
1702	82
1709	82
1741	82
1784	82
1800	82
1801	82
1832	82
1834	82
1836	82
1852	82
1900	82
1900	82
2000	82
2000	82
2000	82
2000	82
2017	82
2053	82
2058	82
2060	82
2065	82
2100	82
2109	82
2140	82
2150	82
2150	82
2155	82
2173	82
2188	82
2275	82
2319	82
2408	82
2457	82
2460	82
2479	82
2500	82
2500	82
2512	82
2600	82
2600	82
2645	82
2697	82
2700	82
2716	82
2732	82
2753	82
2865	82
2875	82
2950	82
3000	82
3000	82
3012	82
3156	82
3230	82
3313	82
3500	82
3640	82
3833	82
3840	82
3900	82
3988	82
4000	82
4000	82
4000	82
4015	82
4079	82
4366	82
4400	82
4484	82
4500	82
4583	82
4850	82
4874	82
5000	82
5035	82
5112	82
5147	82
5162	82
5300	82
5440	82
5590	82
5800	82
5829	82
6065	82
6220	82
6472	82
6619	82
6978	82
7395	82
7642	82
8500	82
8528	82
9326	82
10540	82
10679	82
11150	82
11622	82
11639	82
12215	82
18274	82
18625	82
19024	82
20009	82
23323	82
500	83
500	83
500	83
500	83
500	83
500	83
500	83
500	83
500	83
501	83
503	83
505	83
505	83
507	83
514	83
517	83
520	83
520	83
520	83
521	83
526	83
527	83
528	83
530	83
532	83
532	83
534	83
534	83
535	83
535	83
536	83
540	83
540	83
540	83
543	83
546	83
546	83
549	83
550	83
550	83
552	83
555	83
557	83
557	83
558	83
560	83
562	83
564	83
567	83
568	83
570	83
570	83
570	83
572	83
573	83
574	83
580	83
583	83
585	83
586	83
590	83
590	83
591	83
594	83
598	83
599	83
600	83
600	83
600	83
600	83
603	83
605	83
608	83
611	83
611	83
611	83
615	83
618	83
619	83
620	83
622	83
626	83
628	83
631	83
632	83
636	83
637	83
645	83
647	83
649	83
649	83
650	83
653	83
653	83
654	83
656	83
658	83
660	83
665	83
666	83
670	83
670	83
686	83
688	83
689	83
693	83
695	83
697	83
698	83
698	83
700	83
700	83
700	83
702	83
705	83
705	83
707	83
711	83
713	83
714	83
721	83
725	83
725	83
730	83
734	83
739	83
740	83
740	83
741	83
745	83
749	83
749	83
750	83
753	83
755	83
755	83
757	83
765	83
768	83
770	83
770	83
770	83
771	83
771	83
773	83
775	83
776	83
777	83
778	83
779	83
780	83
781	83
781	83
785	83
787	83
789	83
790	83
792	83
792	83
799	83
800	83
806	83
810	83
813	83
817	83
819	83
822	83
825	83
828	83
830	83
834	83
835	83
836	83
837	83
840	83
846	83
850	83
850	83
850	83
850	83
850	83
850	83
857	83
859	83
867	83
875	83
876	83
884	83
887	83
887	83
889	83
892	83
900	83
900	83
904	83
905	83
908	83
911	83
920	83
920	83
921	83
923	83
923	83
925	83
932	83
933	83
942	83
950	83
950	83
951	83
953	83
954	83
962	83
963	83
963	83
967	83
980	83
983	83
987	83
1000	83
1000	83
1000	83
1000	83
1001	83
1002	83
1008	83
1009	83
1015	83
1025	83
1026	83
1027	83
1036	83
1039	83
1047	83
1050	83
1050	83
1053	83
1060	83
1060	83
1065	83
1079	83
1087	83
1099	83
1100	83
1100	83
1100	83
1105	83
1109	83
1112	83
1121	83
1130	83
1140	83
1140	83
1143	83
1150	83
1154	83
1161	83
1165	83
1169	83
1170	83
1177	83
1191	83
1191	83
1192	83
1200	83
1209	83
1214	83
1215	83
1216	83
1220	83
1227	83
1232	83
1244	83
1250	83
1250	83
1254	83
1260	83
1278	83
1290	83
1300	83
1300	83
1305	83
1307	83
1315	83
1343	83
1373	83
1374	83
1378	83
1393	83
1400	83
1405	83
1407	83
1407	83
1425	83
1454	83
1465	83
1481	83
1488	83
1498	83
1500	83
1513	83
1513	83
1516	83
1520	83
1558	83
1570	83
1600	83
1600	83
1600	83
1608	83
1611	83
1619	83
1625	83
1632	83
1650	83
1655	83
1658	83
1659	83
1703	83
1705	83
1715	83
1725	83
1798	83
1800	83
1808	83
1867	83
1873	83
1907	83
1960	83
1979	83
1981	83
1991	83
2000	83
2033	83
2076	83
2092	83
2161	83
2199	83
2208	83
2212	83
2242	83
2299	83
2343	83
2382	83
2385	83
2440	83
2440	83
2452	83
2458	83
2485	83
2500	83
2541	83
2551	83
2554	83
2559	83
2744	83
2834	83
2869	83
2941	83
3150	83
3171	83
3200	83
3240	83
3294	83
3315	83
3426	83
3686	83
3733	83
3849	83
4027	83
4040	83
4125	83
4241	83
4360	83
4386	83
4485	83
4558	83
4627	83
4656	83
4702	83
4830	83
5032	83
5141	83
5336	83
5464	83
5500	83
5700	83
6389	83
7131	83
7500	83
7578	83
8270	83
8520	83
8579	83
9431	83
10000	83
10385	83
11120	83
11407	83
12000	83
13990	83
14436	83
19162	83
19915	83
21846	83
30247	83
51244	83
500	84
500	84
500	84
500	84
500	84
502	84
503	84
504	84
506	84
506	84
507	84
512	84
515	84
520	84
520	84
524	84
524	84
524	84
524	84
525	84
528	84
529	84
529	84
530	84
532	84
534	84
535	84
536	84
536	84
540	84
541	84
542	84
543	84
543	84
544	84
544	84
544	84
545	84
545	84
546	84
546	84
547	84
551	84
552	84
555	84
559	84
560	84
560	84
560	84
563	84
565	84
566	84
572	84
572	84
576	84
580	84
582	84
582	84
582	84
583	84
587	84
588	84
589	84
590	84
590	84
590	84
591	84
596	84
598	84
599	84
600	84
600	84
600	84
600	84
600	84
600	84
602	84
602	84
608	84
608	84
609	84
613	84
615	84
615	84
616	84
620	84
620	84
623	84
627	84
633	84
634	84
642	84
645	84
648	84
648	84
650	84
650	84
650	84
650	84
658	84
660	84
660	84
660	84
662	84
662	84
662	84
663	84
664	84
666	84
670	84
671	84
671	84
673	84
673	84
674	84
675	84
676	84
676	84
679	84
680	84
682	84
682	84
684	84
684	84
688	84
688	84
689	84
691	84
693	84
693	84
693	84
694	84
698	84
700	84
700	84
700	84
700	84
700	84
702	84
703	84
707	84
707	84
708	84
715	84
716	84
718	84
719	84
721	84
723	84
723	84
724	84
725	84
726	84
730	84
734	84
740	84
744	84
747	84
750	84
750	84
750	84
751	84
752	84
754	84
755	84
757	84
758	84
759	84
761	84
766	84
767	84
768	84
770	84
770	84
773	84
773	84
775	84
783	84
783	84
785	84
793	84
800	84
800	84
800	84
800	84
803	84
803	84
805	84
806	84
810	84
810	84
810	84
811	84
812	84
814	84
817	84
817	84
819	84
820	84
824	84
824	84
827	84
827	84
830	84
830	84
831	84
833	84
835	84
835	84
840	84
841	84
841	84
844	84
850	84
851	84
853	84
854	84
856	84
860	84
869	84
875	84
877	84
879	84
882	84
886	84
889	84
890	84
894	84
895	84
896	84
900	84
900	84
900	84
900	84
900	84
905	84
906	84
908	84
911	84
914	84
918	84
918	84
919	84
920	84
921	84
923	84
929	84
933	84
934	84
934	84
941	84
943	84
944	84
947	84
947	84
950	84
952	84
955	84
958	84
967	84
973	84
975	84
977	84
980	84
983	84
984	84
996	84
998	84
999	84
1000	84
1000	84
1000	84
1003	84
1006	84
1009	84
1010	84
1013	84
1018	84
1019	84
1019	84
1020	84
1025	84
1027	84
1030	84
1032	84
1035	84
1040	84
1042	84
1047	84
1047	84
1054	84
1055	84
1062	84
1063	84
1067	84
1068	84
1074	84
1082	84
1084	84
1086	84
1088	84
1094	84
1098	84
1100	84
1121	84
1123	84
1123	84
1127	84
1131	84
1134	84
1141	84
1145	84
1150	84
1153	84
1162	84
1180	84
1185	84
1192	84
1196	84
1200	84
1205	84
1206	84
1206	84
1209	84
1210	84
1218	84
1223	84
1226	84
1228	84
1232	84
1238	84
1242	84
1247	84
1250	84
1255	84
1258	84
1271	84
1288	84
1290	84
1290	84
1299	84
1300	84
1305	84
1308	84
1310	84
1310	84
1312	84
1318	84
1330	84
1330	84
1330	84
1334	84
1335	84
1339	84
1346	84
1349	84
1350	84
1352	84
1355	84
1368	84
1370	84
1372	84
1383	84
1386	84
1387	84
1399	84
1400	84
1407	84
1416	84
1423	84
1426	84
1440	84
1442	84
1444	84
1455	84
1456	84
1466	84
1480	84
1491	84
1500	84
1501	84
1507	84
1509	84
1530	84
1550	84
1551	84
1554	84
1557	84
1574	84
1574	84
1575	84
1580	84
1588	84
1590	84
1594	84
1600	84
1606	84
1609	84
1611	84
1614	84
1619	84
1628	84
1639	84
1647	84
1653	84
1664	84
1668	84
1672	84
1688	84
1689	84
1696	84
1698	84
1716	84
1722	84
1727	84
1742	84
1749	84
1750	84
1765	84
1775	84
1779	84
1800	84
1802	84
1838	84
1848	84
1848	84
1860	84
1900	84
1918	84
1923	84
1937	84
1937	84
1970	84
1978	84
1992	84
2000	84
2003	84
2024	84
2036	84
2038	84
2055	84
2070	84
2076	84
2082	84
2088	84
2125	84
2126	84
2131	84
2153	84
2164	84
2207	84
2210	84
2232	84
2232	84
2251	84
2260	84
2267	84
2276	84
2278	84
2279	84
2293	84
2294	84
2300	84
2312	84
2331	84
2340	84
2345	84
2354	84
2384	84
2392	84
2397	84
2407	84
2418	84
2421	84
2443	84
2444	84
2445	84
2452	84
2461	84
2471	84
2491	84
2530	84
2542	84
2574	84
2576	84
2587	84
2602	84
2610	84
2712	84
2739	84
2739	84
2766	84
2827	84
2829	84
2900	84
2901	84
2922	84
3000	84
3010	84
3100	84
3113	84
3179	84
3266	84
3293	84
3316	84
3377	84
3389	84
3389	84
3500	84
3530	84
3597	84
3600	84
3633	84
3811	84
3870	84
4006	84
4094	84
4103	84
4309	84
4674	84
4705	84
5264	84
5320	84
5494	84
5520	84
5857	84
6000	84
6000	84
6009	84
6366	84
6447	84
7000	84
7066	84
7101	84
7330	84
7343	84
7345	84
7466	84
7701	84
7869	84
7943	84
8146	84
8332	84
8704	84
8750	84
8862	84
9213	84
9500	84
11334	84
13458	84
14034	84
15945	84
16250	84
16650	84
21894	84
55778	84
106495	84
500	85
500	85
500	85
500	85
500	85
500	85
500	85
500	85
500	85
500	85
502	85
504	85
505	85
506	85
506	85
507	85
509	85
511	85
513	85
513	85
513	85
519	85
520	85
521	85
521	85
523	85
523	85
524	85
526	85
527	85
527	85
530	85
530	85
536	85
539	85
540	85
541	85
542	85
544	85
545	85
546	85
549	85
550	85
550	85
554	85
554	85
554	85
557	85
561	85
561	85
564	85
569	85
570	85
575	85
575	85
578	85
578	85
579	85
579	85
580	85
580	85
581	85
583	85
585	85
587	85
587	85
588	85
591	85
595	85
595	85
595	85
597	85
598	85
598	85
600	85
600	85
600	85
600	85
600	85
600	85
600	85
600	85
600	85
600	85
600	85
600	85
600	85
600	85
600	85
600	85
600	85
601	85
604	85
604	85
605	85
611	85
611	85
611	85
614	85
618	85
620	85
620	85
622	85
622	85
622	85
622	85
623	85
626	85
627	85
627	85
628	85
630	85
630	85
630	85
631	85
632	85
633	85
636	85
638	85
640	85
642	85
643	85
644	85
645	85
647	85
648	85
650	85
650	85
650	85
651	85
652	85
652	85
655	85
655	85
658	85
660	85
663	85
665	85
665	85
666	85
667	85
667	85
667	85
667	85
669	85
671	85
675	85
676	85
677	85
678	85
678	85
680	85
680	85
682	85
690	85
690	85
693	85
693	85
696	85
696	85
698	85
699	85
700	85
700	85
700	85
700	85
700	85
702	85
703	85
703	85
703	85
704	85
706	85
709	85
709	85
712	85
717	85
722	85
726	85
735	85
736	85
737	85
738	85
739	85
741	85
743	85
744	85
744	85
745	85
748	85
750	85
750	85
750	85
753	85
754	85
754	85
759	85
760	85
760	85
765	85
767	85
768	85
772	85
774	85
776	85
781	85
786	85
790	85
790	85
795	85
796	85
800	85
800	85
800	85
800	85
800	85
800	85
800	85
803	85
809	85
809	85
810	85
811	85
813	85
815	85
815	85
820	85
820	85
825	85
830	85
837	85
837	85
838	85
844	85
850	85
850	85
850	85
850	85
853	85
856	85
859	85
859	85
860	85
864	85
871	85
873	85
873	85
874	85
875	85
880	85
881	85
883	85
883	85
884	85
889	85
890	85
890	85
892	85
892	85
899	85
900	85
900	85
900	85
900	85
900	85
903	85
908	85
909	85
915	85
915	85
916	85
920	85
920	85
930	85
931	85
935	85
936	85
936	85
938	85
947	85
949	85
950	85
952	85
957	85
960	85
960	85
961	85
965	85
968	85
970	85
974	85
975	85
976	85
978	85
984	85
984	85
986	85
995	85
996	85
998	85
998	85
1000	85
1000	85
1000	85
1000	85
1000	85
1000	85
1000	85
1000	85
1000	85
1003	85
1003	85
1003	85
1007	85
1010	85
1013	85
1014	85
1014	85
1022	85
1022	85
1026	85
1050	85
1051	85
1052	85
1054	85
1055	85
1056	85
1056	85
1057	85
1058	85
1063	85
1069	85
1070	85
1070	85
1079	85
1086	85
1096	85
1100	85
1100	85
1100	85
1100	85
1104	85
1111	85
1115	85
1120	85
1122	85
1124	85
1139	85
1139	85
1139	85
1145	85
1147	85
1150	85
1167	85
1176	85
1188	85
1190	85
1192	85
1194	85
1200	85
1200	85
1200	85
1202	85
1206	85
1220	85
1222	85
1225	85
1229	85
1236	85
1239	85
1250	85
1251	85
1257	85
1259	85
1265	85
1270	85
1278	85
1282	85
1287	85
1289	85
1292	85
1292	85
1296	85
1297	85
1300	85
1303	85
1305	85
1310	85
1310	85
1331	85
1340	85
1350	85
1358	85
1365	85
1379	85
1382	85
1383	85
1399	85
1400	85
1400	85
1407	85
1428	85
1430	85
1437	85
1440	85
1443	85
1450	85
1450	85
1451	85
1460	85
1460	85
1464	85
1465	85
1465	85
1471	85
1479	85
1500	85
1502	85
1505	85
1505	85
1511	85
1517	85
1517	85
1521	85
1525	85
1525	85
1532	85
1541	85
1546	85
1550	85
1551	85
1561	85
1568	85
1570	85
1581	85
1586	85
1592	85
1600	85
1600	85
1608	85
1618	85
1620	85
1626	85
1639	85
1640	85
1642	85
1645	85
1648	85
1657	85
1660	85
1665	85
1666	85
1680	85
1681	85
1700	85
1724	85
1731	85
1738	85
1763	85
1780	85
1787	85
1791	85
1805	85
1813	85
1815	85
1823	85
1840	85
1846	85
1870	85
1894	85
1900	85
1915	85
1918	85
1926	85
1949	85
1959	85
1975	85
1999	85
2000	85
2000	85
2024	85
2043	85
2046	85
2049	85
2054	85
2056	85
2072	85
2086	85
2176	85
2177	85
2179	85
2182	85
2192	85
2200	85
2200	85
2200	85
2202	85
2208	85
2230	85
2250	85
2282	85
2299	85
2308	85
2336	85
2344	85
2348	85
2374	85
2385	85
2396	85
2399	85
2401	85
2430	85
2431	85
2436	85
2462	85
2500	85
2500	85
2500	85
2534	85
2544	85
2566	85
2570	85
2721	85
2728	85
2784	85
2797	85
2798	85
2813	85
2862	85
2868	85
3000	85
3001	85
3023	85
3034	85
3065	85
3080	85
3222	85
3251	85
3276	85
3317	85
3391	85
3417	85
3438	85
3473	85
3477	85
3500	85
3500	85
3539	85
3642	85
3759	85
3842	85
3978	85
4209	85
4383	85
4433	85
4449	85
4509	85
4562	85
4663	85
4752	85
4855	85
4927	85
4950	85
5008	85
5040	85
5118	85
5139	85
5555	85
5619	85
5700	85
5823	85
5981	85
6031	85
6087	85
6968	85
7023	85
7201	85
7315	85
7445	85
7454	85
8000	85
8104	85
8772	85
8792	85
9227	85
9784	85
9843	85
10191	85
11009	85
11291	85
14100	85
15069	85
15515	85
16636	85
16716	85
18083	85
18118	85
25171	85
26721	85
27740	85
28772	85
50008	85
51561	85
57858	85
60077	85
69519	85
135080	85
500	86
500	86
500	86
500	86
500	86
500	86
500	86
500	86
500	86
500	86
500	86
500	86
500	86
500	86
500	86
500	86
500	86
500	86
500	86
500	86
500	86
500	86
500	86
500	86
500	86
502	86
502	86
503	86
504	86
505	86
506	86
508	86
509	86
510	86
512	86
515	86
515	86
517	86
519	86
520	86
521	86
521	86
521	86
523	86
525	86
525	86
526	86
527	86
527	86
532	86
532	86
534	86
534	86
536	86
538	86
539	86
539	86
539	86
546	86
550	86
550	86
550	86
550	86
550	86
550	86
553	86
559	86
560	86
560	86
563	86
567	86
567	86
569	86
570	86
572	86
572	86
573	86
575	86
575	86
578	86
585	86
585	86
586	86
587	86
587	86
587	86
588	86
588	86
590	86
590	86
591	86
593	86
596	86
600	86
600	86
600	86
600	86
600	86
600	86
604	86
613	86
617	86
618	86
626	86
629	86
630	86
631	86
633	86
637	86
638	86
640	86
640	86
640	86
642	86
643	86
644	86
646	86
649	86
650	86
650	86
650	86
650	86
650	86
650	86
651	86
652	86
652	86
659	86
660	86
662	86
663	86
663	86
664	86
666	86
671	86
671	86
671	86
671	86
675	86
675	86
676	86
676	86
677	86
680	86
680	86
680	86
680	86
682	86
685	86
685	86
686	86
686	86
688	86
689	86
691	86
693	86
696	86
697	86
699	86
699	86
700	86
700	86
700	86
700	86
700	86
700	86
700	86
701	86
704	86
704	86
705	86
707	86
709	86
710	86
718	86
719	86
720	86
722	86
724	86
727	86
730	86
730	86
730	86
731	86
741	86
742	86
743	86
745	86
747	86
747	86
748	86
749	86
750	86
750	86
750	86
750	86
750	86
750	86
752	86
753	86
753	86
756	86
762	86
766	86
771	86
771	86
773	86
775	86
776	86
776	86
777	86
777	86
778	86
779	86
779	86
780	86
780	86
788	86
789	86
790	86
793	86
797	86
800	86
800	86
800	86
800	86
800	86
800	86
800	86
800	86
800	86
800	86
800	86
800	86
800	86
800	86
802	86
805	86
807	86
815	86
815	86
816	86
820	86
821	86
821	86
826	86
830	86
832	86
833	86
836	86
838	86
838	86
839	86
840	86
845	86
845	86
846	86
850	86
850	86
850	86
850	86
850	86
851	86
852	86
861	86
862	86
864	86
870	86
876	86
877	86
881	86
881	86
882	86
890	86
894	86
894	86
896	86
896	86
898	86
900	86
900	86
900	86
900	86
900	86
900	86
900	86
900	86
900	86
900	86
904	86
905	86
910	86
910	86
911	86
913	86
916	86
917	86
917	86
917	86
920	86
921	86
922	86
923	86
928	86
929	86
929	86
931	86
935	86
939	86
940	86
942	86
947	86
952	86
954	86
954	86
955	86
961	86
964	86
967	86
968	86
976	86
978	86
979	86
985	86
986	86
988	86
991	86
998	86
1000	86
1000	86
1000	86
1000	86
1000	86
1000	86
1004	86
1005	86
1010	86
1012	86
1015	86
1019	86
1020	86
1020	86
1030	86
1035	86
1037	86
1044	86
1045	86
1050	86
1054	86
1056	86
1063	86
1065	86
1070	86
1071	86
1071	86
1077	86
1085	86
1091	86
1093	86
1096	86
1096	86
1100	86
1100	86
1100	86
1100	86
1104	86
1108	86
1109	86
1110	86
1112	86
1113	86
1115	86
1116	86
1116	86
1124	86
1125	86
1129	86
1134	86
1134	86
1136	86
1141	86
1151	86
1160	86
1166	86
1169	86
1170	86
1173	86
1182	86
1184	86
1188	86
1190	86
1192	86
1199	86
1200	86
1200	86
1200	86
1200	86
1200	86
1204	86
1211	86
1214	86
1216	86
1220	86
1225	86
1227	86
1231	86
1232	86
1233	86
1239	86
1250	86
1250	86
1250	86
1250	86
1253	86
1256	86
1257	86
1260	86
1262	86
1270	86
1279	86
1280	86
1282	86
1288	86
1293	86
1300	86
1300	86
1300	86
1304	86
1304	86
1309	86
1321	86
1325	86
1327	86
1333	86
1336	86
1339	86
1345	86
1345	86
1350	86
1350	86
1360	86
1364	86
1367	86
1370	86
1370	86
1380	86
1400	86
1400	86
1400	86
1400	86
1403	86
1424	86
1433	86
1436	86
1436	86
1438	86
1438	86
1441	86
1442	86
1447	86
1453	86
1461	86
1462	86
1474	86
1479	86
1481	86
1490	86
1496	86
1499	86
1500	86
1500	86
1500	86
1500	86
1500	86
1500	86
1500	86
1500	86
1514	86
1522	86
1525	86
1530	86
1533	86
1533	86
1537	86
1546	86
1552	86
1557	86
1575	86
1584	86
1592	86
1597	86
1609	86
1616	86
1618	86
1621	86
1623	86
1629	86
1638	86
1650	86
1658	86
1678	86
1681	86
1696	86
1696	86
1700	86
1700	86
1732	86
1735	86
1745	86
1763	86
1775	86
1780	86
1800	86
1800	86
1811	86
1835	86
1842	86
1844	86
1852	86
1881	86
1893	86
1900	86
1904	86
1907	86
1910	86
1917	86
1923	86
1950	86
1966	86
1993	86
2000	86
2000	86
2000	86
2000	86
2000	86
2000	86
2031	86
2056	86
2080	86
2095	86
2149	86
2200	86
2220	86
2223	86
2232	86
2233	86
2400	86
2450	86
2450	86
2474	86
2502	86
2530	86
2555	86
2561	86
2660	86
2660	86
2688	86
2700	86
2712	86
2713	86
2724	86
2750	86
2800	86
2818	86
2853	86
2881	86
2937	86
2950	86
2990	86
2996	86
3000	86
3000	86
3000	86
3124	86
3239	86
3239	86
3250	86
3261	86
3276	86
3300	86
3363	86
3383	86
3425	86
3489	86
3491	86
3500	86
3560	86
3572	86
3576	86
3602	86
3609	86
3660	86
3673	86
3766	86
3771	86
3902	86
4159	86
4278	86
4285	86
4300	86
4391	86
4518	86
4528	86
4607	86
4642	86
4698	86
4970	86
5335	86
5487	86
5574	86
5628	86
5970	86
6240	86
6949	86
6982	86
7025	86
7308	86
7454	86
7600	86
7702	86
8027	86
8130	86
8164	86
8268	86
8302	86
8894	86
9000	86
9900	86
10000	86
10501	86
10669	86
10706	86
11002	86
11331	86
13589	86
15400	86
16311	86
16741	86
16939	86
24502	86
31728	86
33950	86
39096	86
58064	86
86992	86
97861	86
188270	86
500	87
500	87
500	87
500	87
500	87
500	87
500	87
500	87
500	87
500	87
500	87
500	87
500	87
500	87
501	87
503	87
504	87
505	87
506	87
507	87
509	87
510	87
510	87
513	87
514	87
514	87
516	87
519	87
520	87
520	87
521	87
523	87
524	87
528	87
533	87
533	87
536	87
538	87
539	87
539	87
539	87
539	87
540	87
540	87
540	87
540	87
540	87
545	87
545	87
547	87
549	87
549	87
550	87
550	87
550	87
550	87
551	87
551	87
555	87
557	87
558	87
560	87
562	87
566	87
566	87
567	87
572	87
573	87
579	87
580	87
580	87
583	87
587	87
590	87
590	87
595	87
597	87
600	87
600	87
600	87
600	87
601	87
602	87
603	87
604	87
607	87
610	87
613	87
614	87
615	87
617	87
624	87
625	87
626	87
626	87
628	87
630	87
630	87
631	87
632	87
632	87
635	87
635	87
636	87
636	87
637	87
638	87
640	87
642	87
643	87
645	87
645	87
650	87
650	87
650	87
650	87
651	87
655	87
655	87
655	87
657	87
658	87
659	87
660	87
665	87
665	87
669	87
669	87
669	87
670	87
674	87
680	87
680	87
681	87
682	87
683	87
685	87
688	87
688	87
690	87
691	87
691	87
695	87
700	87
700	87
700	87
700	87
700	87
700	87
700	87
700	87
700	87
700	87
700	87
700	87
701	87
702	87
703	87
704	87
708	87
708	87
708	87
709	87
711	87
713	87
716	87
722	87
724	87
725	87
725	87
726	87
726	87
731	87
733	87
736	87
736	87
737	87
739	87
739	87
742	87
743	87
746	87
746	87
747	87
750	87
750	87
750	87
750	87
750	87
750	87
750	87
750	87
759	87
760	87
760	87
761	87
763	87
770	87
770	87
774	87
776	87
777	87
781	87
785	87
786	87
789	87
789	87
790	87
790	87
790	87
793	87
799	87
799	87
800	87
800	87
800	87
802	87
806	87
810	87
810	87
810	87
811	87
815	87
816	87
817	87
819	87
820	87
823	87
824	87
825	87
826	87
827	87
829	87
830	87
831	87
832	87
832	87
835	87
835	87
837	87
846	87
849	87
849	87
850	87
850	87
850	87
850	87
851	87
854	87
855	87
858	87
859	87
860	87
864	87
864	87
865	87
876	87
880	87
880	87
886	87
890	87
894	87
895	87
897	87
899	87
900	87
900	87
900	87
900	87
900	87
900	87
900	87
900	87
901	87
902	87
904	87
904	87
906	87
906	87
909	87
911	87
917	87
918	87
918	87
920	87
920	87
921	87
921	87
925	87
928	87
928	87
930	87
930	87
937	87
937	87
940	87
942	87
943	87
945	87
947	87
948	87
950	87
963	87
964	87
965	87
965	87
970	87
980	87
981	87
981	87
981	87
982	87
983	87
988	87
990	87
990	87
990	87
991	87
994	87
996	87
997	87
1000	87
1000	87
1000	87
1000	87
1000	87
1000	87
1005	87
1009	87
1014	87
1015	87
1024	87
1025	87
1038	87
1038	87
1040	87
1040	87
1042	87
1045	87
1046	87
1047	87
1047	87
1047	87
1047	87
1049	87
1049	87
1049	87
1050	87
1050	87
1051	87
1053	87
1053	87
1057	87
1059	87
1062	87
1070	87
1070	87
1071	87
1072	87
1078	87
1086	87
1089	87
1089	87
1090	87
1095	87
1100	87
1100	87
1101	87
1106	87
1106	87
1108	87
1112	87
1112	87
1115	87
1116	87
1118	87
1120	87
1122	87
1125	87
1128	87
1129	87
1129	87
1131	87
1138	87
1142	87
1145	87
1145	87
1147	87
1150	87
1156	87
1160	87
1160	87
1160	87
1163	87
1168	87
1178	87
1178	87
1179	87
1184	87
1186	87
1187	87
1196	87
1196	87
1199	87
1200	87
1200	87
1200	87
1200	87
1200	87
1210	87
1211	87
1212	87
1218	87
1220	87
1220	87
1233	87
1237	87
1237	87
1242	87
1243	87
1249	87
1250	87
1252	87
1255	87
1258	87
1259	87
1261	87
1270	87
1270	87
1271	87
1272	87
1272	87
1276	87
1278	87
1288	87
1299	87
1299	87
1300	87
1300	87
1300	87
1302	87
1307	87
1310	87
1312	87
1312	87
1313	87
1315	87
1320	87
1328	87
1330	87
1330	87
1331	87
1334	87
1340	87
1346	87
1347	87
1349	87
1350	87
1350	87
1350	87
1352	87
1358	87
1358	87
1359	87
1360	87
1360	87
1361	87
1368	87
1371	87
1371	87
1378	87
1380	87
1384	87
1387	87
1391	87
1395	87
1396	87
1397	87
1400	87
1400	87
1400	87
1400	87
1410	87
1412	87
1414	87
1420	87
1430	87
1433	87
1443	87
1445	87
1450	87
1453	87
1453	87
1458	87
1459	87
1460	87
1460	87
1472	87
1473	87
1482	87
1485	87
1488	87
1491	87
1497	87
1500	87
1500	87
1500	87
1500	87
1500	87
1500	87
1500	87
1500	87
1503	87
1508	87
1510	87
1517	87
1524	87
1528	87
1529	87
1534	87
1541	87
1543	87
1553	87
1567	87
1578	87
1585	87
1585	87
1590	87
1592	87
1594	87
1600	87
1600	87
1605	87
1607	87
1610	87
1611	87
1616	87
1619	87
1621	87
1640	87
1642	87
1648	87
1657	87
1660	87
1664	87
1664	87
1665	87
1674	87
1686	87
1699	87
1700	87
1700	87
1700	87
1712	87
1720	87
1726	87
1733	87
1734	87
1736	87
1750	87
1750	87
1780	87
1780	87
1789	87
1793	87
1800	87
1800	87
1800	87
1801	87
1804	87
1821	87
1830	87
1833	87
1840	87
1853	87
1853	87
1873	87
1880	87
1882	87
1899	87
1900	87
1904	87
1906	87
1922	87
1929	87
1931	87
1994	87
2000	87
2000	87
2000	87
2000	87
2006	87
2018	87
2020	87
2030	87
2058	87
2072	87
2078	87
2080	87
2083	87
2097	87
2121	87
2133	87
2146	87
2150	87
2154	87
2158	87
2158	87
2161	87
2167	87
2169	87
2173	87
2189	87
2200	87
2200	87
2203	87
2220	87
2237	87
2242	87
2251	87
2253	87
2255	87
2263	87
2268	87
2311	87
2333	87
2345	87
2357	87
2365	87
2366	87
2376	87
2377	87
2396	87
2446	87
2446	87
2450	87
2450	87
2465	87
2500	87
2524	87
2591	87
2597	87
2599	87
2615	87
2622	87
2669	87
2680	87
2681	87
2700	87
2700	87
2700	87
2705	87
2716	87
2720	87
2738	87
2739	87
2800	87
2847	87
2856	87
2863	87
2900	87
2902	87
2946	87
2975	87
2977	87
2992	87
3000	87
3000	87
3000	87
3000	87
3008	87
3013	87
3033	87
3050	87
3059	87
3059	87
3060	87
3081	87
3097	87
3183	87
3184	87
3197	87
3232	87
3275	87
3282	87
3310	87
3386	87
3461	87
3488	87
3499	87
3548	87
3639	87
3649	87
3670	87
3700	87
3742	87
3790	87
3842	87
3851	87
3883	87
3949	87
3972	87
4012	87
4022	87
4176	87
4230	87
4253	87
4320	87
4365	87
4513	87
4514	87
4605	87
4703	87
4789	87
4860	87
4939	87
4949	87
4998	87
5338	87
5360	87
5375	87
5500	87
5517	87
5661	87
5694	87
5721	87
5859	87
6000	87
6050	87
6096	87
6266	87
6372	87
6451	87
6641	87
6709	87
6896	87
6975	87
7217	87
7430	87
7494	87
7500	87
7534	87
7796	87
8000	87
8735	87
8836	87
9446	87
9549	87
9556	87
9572	87
10744	87
11629	87
12720	87
13791	87
14248	87
15773	87
15972	87
16300	87
19420	87
21147	87
22850	87
26032	87
27869	87
28824	87
35306	87
37930	87
44926	87
500	88
500	88
500	88
500	88
500	88
500	88
500	88
500	88
500	88
500	88
500	88
500	88
500	88
500	88
501	88
502	88
504	88
507	88
507	88
508	88
510	88
510	88
510	88
510	88
511	88
513	88
513	88
514	88
515	88
517	88
518	88
520	88
521	88
521	88
521	88
522	88
522	88
523	88
525	88
526	88
529	88
530	88
531	88
531	88
533	88
535	88
537	88
537	88
542	88
543	88
544	88
544	88
548	88
550	88
550	88
550	88
550	88
550	88
551	88
556	88
556	88
557	88
558	88
559	88
560	88
568	88
571	88
575	88
575	88
575	88
577	88
577	88
578	88
580	88
580	88
580	88
581	88
582	88
583	88
589	88
592	88
595	88
595	88
597	88
599	88
600	88
600	88
600	88
600	88
600	88
600	88
600	88
600	88
600	88
600	88
601	88
601	88
608	88
608	88
609	88
610	88
611	88
614	88
615	88
615	88
615	88
616	88
616	88
617	88
618	88
619	88
620	88
620	88
620	88
622	88
622	88
623	88
624	88
627	88
627	88
631	88
632	88
634	88
634	88
637	88
639	88
639	88
640	88
641	88
643	88
645	88
646	88
648	88
649	88
650	88
652	88
653	88
655	88
655	88
656	88
656	88
658	88
659	88
659	88
660	88
662	88
667	88
669	88
669	88
672	88
672	88
675	88
675	88
675	88
675	88
675	88
677	88
677	88
684	88
687	88
688	88
691	88
694	88
694	88
697	88
700	88
700	88
700	88
700	88
700	88
700	88
701	88
702	88
705	88
705	88
710	88
713	88
713	88
714	88
719	88
719	88
720	88
721	88
724	88
729	88
731	88
732	88
741	88
742	88
742	88
745	88
746	88
749	88
749	88
750	88
750	88
750	88
750	88
750	88
750	88
750	88
750	88
751	88
752	88
755	88
760	88
761	88
762	88
763	88
764	88
768	88
768	88
770	88
770	88
771	88
772	88
772	88
773	88
776	88
777	88
781	88
785	88
788	88
791	88
795	88
798	88
800	88
800	88
800	88
800	88
800	88
801	88
807	88
807	88
810	88
810	88
812	88
815	88
818	88
818	88
819	88
819	88
821	88
821	88
825	88
825	88
825	88
825	88
826	88
829	88
833	88
839	88
840	88
840	88
840	88
841	88
843	88
843	88
844	88
844	88
846	88
848	88
849	88
849	88
850	88
850	88
851	88
851	88
852	88
852	88
853	88
862	88
862	88
862	88
862	88
863	88
864	88
866	88
870	88
871	88
872	88
877	88
878	88
883	88
884	88
884	88
885	88
885	88
886	88
887	88
890	88
891	88
898	88
900	88
900	88
900	88
900	88
900	88
902	88
907	88
909	88
910	88
912	88
913	88
916	88
920	88
921	88
921	88
921	88
921	88
925	88
933	88
935	88
939	88
940	88
942	88
943	88
943	88
946	88
950	88
950	88
950	88
951	88
957	88
960	88
967	88
967	88
969	88
970	88
970	88
971	88
976	88
981	88
984	88
985	88
986	88
986	88
988	88
992	88
995	88
997	88
1000	88
1000	88
1000	88
1000	88
1000	88
1001	88
1001	88
1002	88
1003	88
1005	88
1010	88
1020	88
1020	88
1020	88
1022	88
1028	88
1030	88
1030	88
1030	88
1031	88
1035	88
1037	88
1037	88
1040	88
1041	88
1042	88
1050	88
1050	88
1050	88
1060	88
1060	88
1064	88
1068	88
1070	88
1079	88
1079	88
1080	88
1082	88
1083	88
1085	88
1092	88
1094	88
1098	88
1100	88
1100	88
1100	88
1101	88
1104	88
1104	88
1108	88
1109	88
1110	88
1121	88
1124	88
1125	88
1128	88
1128	88
1135	88
1135	88
1136	88
1138	88
1142	88
1143	88
1143	88
1145	88
1146	88
1148	88
1151	88
1164	88
1169	88
1175	88
1176	88
1176	88
1180	88
1180	88
1180	88
1180	88
1181	88
1181	88
1187	88
1188	88
1188	88
1197	88
1200	88
1200	88
1200	88
1204	88
1205	88
1208	88
1209	88
1219	88
1230	88
1231	88
1236	88
1237	88
1241	88
1246	88
1248	88
1250	88
1250	88
1250	88
1254	88
1256	88
1256	88
1258	88
1274	88
1274	88
1279	88
1280	88
1284	88
1295	88
1300	88
1300	88
1300	88
1300	88
1300	88
1300	88
1300	88
1305	88
1313	88
1316	88
1317	88
1320	88
1324	88
1326	88
1328	88
1330	88
1334	88
1335	88
1335	88
1343	88
1346	88
1346	88
1347	88
1347	88
1350	88
1350	88
1350	88
1350	88
1363	88
1371	88
1373	88
1380	88
1388	88
1396	88
1397	88
1400	88
1403	88
1404	88
1405	88
1409	88
1411	88
1412	88
1417	88
1422	88
1423	88
1424	88
1424	88
1425	88
1425	88
1432	88
1435	88
1436	88
1437	88
1437	88
1438	88
1446	88
1450	88
1451	88
1452	88
1453	88
1456	88
1463	88
1464	88
1466	88
1469	88
1471	88
1471	88
1474	88
1478	88
1480	88
1497	88
1499	88
1500	88
1500	88
1504	88
1506	88
1508	88
1513	88
1513	88
1518	88
1520	88
1520	88
1526	88
1526	88
1527	88
1532	88
1533	88
1533	88
1537	88
1537	88
1539	88
1545	88
1560	88
1569	88
1579	88
1580	88
1580	88
1582	88
1585	88
1585	88
1586	88
1586	88
1596	88
1600	88
1607	88
1609	88
1615	88
1624	88
1625	88
1630	88
1630	88
1636	88
1637	88
1644	88
1645	88
1648	88
1650	88
1655	88
1659	88
1661	88
1666	88
1672	88
1674	88
1695	88
1703	88
1725	88
1725	88
1727	88
1734	88
1736	88
1738	88
1744	88
1747	88
1753	88
1766	88
1769	88
1798	88
1798	88
1800	88
1813	88
1815	88
1819	88
1820	88
1830	88
1830	88
1849	88
1850	88
1872	88
1876	88
1902	88
1907	88
1919	88
1923	88
1924	88
1958	88
1961	88
1963	88
1970	88
1987	88
1989	88
2000	88
2000	88
2000	88
2000	88
2000	88
2000	88
2000	88
2039	88
2058	88
2062	88
2068	88
2069	88
2075	88
2080	88
2086	88
2096	88
2099	88
2107	88
2127	88
2141	88
2150	88
2150	88
2188	88
2200	88
2208	88
2212	88
2220	88
2221	88
2229	88
2255	88
2258	88
2268	88
2268	88
2295	88
2301	88
2303	88
2304	88
2314	88
2330	88
2390	88
2391	88
2397	88
2400	88
2400	88
2420	88
2425	88
2440	88
2443	88
2444	88
2454	88
2457	88
2468	88
2473	88
2500	88
2500	88
2500	88
2506	88
2521	88
2527	88
2531	88
2543	88
2555	88
2595	88
2628	88
2656	88
2657	88
2682	88
2693	88
2698	88
2712	88
2765	88
2774	88
2797	88
2800	88
2802	88
2803	88
2804	88
2833	88
2852	88
2866	88
2877	88
2910	88
2918	88
2965	88
2977	88
2982	88
2994	88
3000	88
3032	88
3035	88
3100	88
3120	88
3132	88
3143	88
3229	88
3294	88
3307	88
3316	88
3331	88
3345	88
3382	88
3395	88
3400	88
3448	88
3450	88
3500	88
3522	88
3548	88
3570	88
3587	88
3590	88
3600	88
3605	88
3610	88
3737	88
3758	88
3777	88
3890	88
3914	88
3931	88
3932	88
3950	88
3971	88
4070	88
4087	88
4261	88
4377	88
4438	88
4476	88
4513	88
4528	88
4547	88
4555	88
4557	88
4600	88
4628	88
4782	88
4811	88
4900	88
4949	88
5000	88
5000	88
5074	88
5177	88
5400	88
5700	88
5700	88
5914	88
5962	88
5974	88
6000	88
6026	88
6044	88
6141	88
6269	88
6414	88
6508	88
6721	88
6725	88
6748	88
6816	88
6905	88
6937	88
6967	88
7024	88
7028	88
7240	88
7319	88
7348	88
7469	88
7682	88
7700	88
7701	88
7731	88
7749	88
7751	88
7788	88
7965	88
8010	88
8800	88
9039	88
9229	88
9557	88
10839	88
11324	88
11339	88
11542	88
11587	88
11606	88
12413	88
12432	88
12926	88
13000	88
14000	88
14551	88
15987	88
16120	88
17100	88
18018	88
20261	88
20331	88
20800	88
23242	88
24128	88
25216	88
25343	88
26791	88
30000	88
30849	88
31628	88
43752	88
61937	88
84464	88
150597	88
465365	88
500	89
500	89
500	89
500	89
500	89
501	89
503	89
504	89
504	89
505	89
506	89
510	89
510	89
510	89
513	89
514	89
514	89
520	89
524	89
526	89
529	89
530	89
531	89
536	89
536	89
539	89
541	89
546	89
546	89
550	89
550	89
550	89
550	89
550	89
551	89
552	89
556	89
557	89
558	89
560	89
560	89
562	89
567	89
570	89
570	89
574	89
574	89
574	89
575	89
575	89
575	89
575	89
578	89
578	89
579	89
580	89
581	89
584	89
585	89
585	89
586	89
586	89
589	89
589	89
590	89
592	89
596	89
598	89
599	89
599	89
600	89
600	89
600	89
600	89
601	89
601	89
601	89
605	89
605	89
606	89
607	89
607	89
607	89
608	89
610	89
613	89
614	89
618	89
624	89
625	89
626	89
628	89
630	89
631	89
633	89
634	89
634	89
636	89
637	89
639	89
640	89
640	89
642	89
643	89
645	89
646	89
646	89
647	89
648	89
649	89
649	89
650	89
650	89
650	89
650	89
650	89
650	89
652	89
653	89
654	89
656	89
657	89
660	89
665	89
669	89
670	89
671	89
671	89
672	89
672	89
674	89
676	89
680	89
683	89
686	89
689	89
691	89
691	89
691	89
692	89
693	89
695	89
700	89
700	89
700	89
700	89
700	89
700	89
700	89
700	89
700	89
701	89
701	89
704	89
704	89
712	89
714	89
716	89
716	89
717	89
717	89
718	89
719	89
719	89
721	89
724	89
725	89
725	89
725	89
728	89
731	89
732	89
735	89
740	89
745	89
750	89
750	89
750	89
750	89
750	89
752	89
753	89
756	89
756	89
756	89
757	89
758	89
759	89
762	89
764	89
766	89
767	89
772	89
772	89
779	89
781	89
781	89
790	89
800	89
800	89
800	89
805	89
810	89
810	89
813	89
813	89
818	89
819	89
819	89
820	89
820	89
825	89
826	89
829	89
830	89
831	89
832	89
835	89
838	89
844	89
845	89
847	89
848	89
850	89
851	89
853	89
854	89
855	89
860	89
860	89
861	89
861	89
861	89
863	89
866	89
866	89
867	89
870	89
871	89
877	89
880	89
882	89
891	89
900	89
900	89
900	89
900	89
900	89
901	89
905	89
909	89
911	89
912	89
914	89
915	89
915	89
915	89
918	89
919	89
923	89
923	89
924	89
924	89
925	89
926	89
926	89
926	89
927	89
930	89
931	89
933	89
937	89
937	89
938	89
940	89
942	89
942	89
945	89
950	89
950	89
950	89
950	89
956	89
960	89
964	89
964	89
967	89
968	89
970	89
970	89
975	89
978	89
982	89
984	89
986	89
990	89
991	89
993	89
995	89
996	89
997	89
1000	89
1000	89
1000	89
1001	89
1002	89
1002	89
1006	89
1008	89
1010	89
1013	89
1013	89
1020	89
1021	89
1022	89
1025	89
1026	89
1029	89
1029	89
1043	89
1049	89
1053	89
1054	89
1060	89
1060	89
1062	89
1062	89
1063	89
1065	89
1068	89
1074	89
1081	89
1085	89
1089	89
1092	89
1097	89
1100	89
1113	89
1114	89
1120	89
1124	89
1129	89
1131	89
1137	89
1138	89
1139	89
1148	89
1150	89
1150	89
1154	89
1168	89
1169	89
1171	89
1174	89
1176	89
1176	89
1181	89
1182	89
1182	89
1183	89
1184	89
1185	89
1189	89
1189	89
1192	89
1200	89
1200	89
1200	89
1200	89
1205	89
1208	89
1209	89
1218	89
1219	89
1220	89
1220	89
1228	89
1231	89
1233	89
1238	89
1239	89
1239	89
1240	89
1241	89
1244	89
1247	89
1248	89
1254	89
1258	89
1260	89
1264	89
1267	89
1270	89
1270	89
1273	89
1278	89
1285	89
1295	89
1295	89
1296	89
1296	89
1300	89
1305	89
1305	89
1306	89
1309	89
1311	89
1317	89
1317	89
1319	89
1328	89
1330	89
1336	89
1344	89
1346	89
1350	89
1350	89
1352	89
1366	89
1368	89
1375	89
1376	89
1379	89
1380	89
1383	89
1387	89
1394	89
1398	89
1400	89
1400	89
1406	89
1409	89
1411	89
1412	89
1419	89
1420	89
1421	89
1438	89
1445	89
1450	89
1450	89
1450	89
1452	89
1455	89
1457	89
1460	89
1460	89
1463	89
1476	89
1477	89
1500	89
1500	89
1504	89
1508	89
1510	89
1511	89
1515	89
1517	89
1522	89
1523	89
1535	89
1540	89
1542	89
1548	89
1549	89
1560	89
1563	89
1572	89
1592	89
1595	89
1596	89
1597	89
1598	89
1600	89
1600	89
1600	89
1600	89
1603	89
1605	89
1609	89
1615	89
1616	89
1618	89
1619	89
1620	89
1622	89
1630	89
1632	89
1640	89
1658	89
1660	89
1665	89
1673	89
1700	89
1700	89
1700	89
1710	89
1729	89
1741	89
1742	89
1766	89
1798	89
1799	89
1800	89
1800	89
1800	89
1802	89
1812	89
1816	89
1817	89
1818	89
1821	89
1828	89
1840	89
1850	89
1851	89
1856	89
1868	89
1871	89
1873	89
1879	89
1892	89
1910	89
1914	89
1915	89
1923	89
1933	89
1938	89
1944	89
1952	89
1953	89
1960	89
1962	89
1970	89
1990	89
1991	89
1992	89
1994	89
1996	89
1999	89
2000	89
2000	89
2007	89
2008	89
2009	89
2024	89
2035	89
2035	89
2035	89
2037	89
2070	89
2080	89
2100	89
2100	89
2119	89
2120	89
2129	89
2139	89
2147	89
2150	89
2178	89
2190	89
2191	89
2208	89
2212	89
2236	89
2262	89
2272	89
2276	89
2276	89
2282	89
2299	89
2309	89
2327	89
2398	89
2400	89
2421	89
2450	89
2479	89
2479	89
2484	89
2492	89
2500	89
2500	89
2512	89
2512	89
2515	89
2526	89
2534	89
2567	89
2571	89
2578	89
2594	89
2602	89
2604	89
2676	89
2699	89
2700	89
2716	89
2722	89
2723	89
2742	89
2780	89
2784	89
2784	89
2787	89
2800	89
2800	89
2806	89
2844	89
2891	89
2895	89
2898	89
2900	89
2900	89
2911	89
2925	89
2935	89
2948	89
2950	89
2952	89
2983	89
3000	89
3000	89
3010	89
3013	89
3056	89
3062	89
3073	89
3112	89
3116	89
3173	89
3181	89
3198	89
3257	89
3321	89
3360	89
3372	89
3516	89
3535	89
3566	89
3586	89
3711	89
3740	89
3788	89
3808	89
3976	89
4000	89
4018	89
4047	89
4099	89
4100	89
4107	89
4108	89
4140	89
4173	89
4209	89
4287	89
4317	89
4402	89
4407	89
4467	89
4468	89
4500	89
4552	89
4576	89
4605	89
4875	89
4935	89
5038	89
5061	89
5155	89
5195	89
5246	89
5325	89
5335	89
5515	89
5556	89
5676	89
5884	89
6088	89
6133	89
6500	89
6654	89
6665	89
6780	89
6808	89
7000	89
7092	89
7467	89
7689	89
7718	89
8017	89
8032	89
8458	89
8498	89
8827	89
10413	89
10851	89
12015	89
12580	89
12668	89
14601	89
14682	89
16322	89
16353	89
17000	89
17985	89
18020	89
18968	89
19648	89
24211	89
24597	89
32105	89
32784	89
45328	89
85786	89
145156	89
500	90
500	90
500	90
504	90
504	90
506	90
507	90
509	90
514	90
514	90
516	90
519	90
520	90
522	90
522	90
524	90
525	90
526	90
527	90
527	90
534	90
537	90
537	90
540	90
541	90
542	90
542	90
543	90
546	90
547	90
547	90
549	90
550	90
550	90
550	90
550	90
551	90
555	90
555	90
558	90
558	90
562	90
572	90
572	90
572	90
576	90
578	90
578	90
579	90
580	90
580	90
581	90
582	90
582	90
583	90
584	90
587	90
589	90
592	90
592	90
599	90
599	90
600	90
601	90
601	90
603	90
604	90
605	90
606	90
608	90
608	90
610	90
610	90
611	90
614	90
616	90
619	90
620	90
623	90
623	90
624	90
629	90
633	90
635	90
640	90
641	90
646	90
647	90
648	90
649	90
650	90
650	90
650	90
650	90
651	90
654	90
655	90
660	90
662	90
664	90
665	90
666	90
670	90
671	90
674	90
675	90
676	90
677	90
680	90
682	90
683	90
685	90
686	90
687	90
690	90
692	90
692	90
693	90
697	90
700	90
700	90
700	90
700	90
705	90
706	90
706	90
709	90
710	90
713	90
720	90
723	90
723	90
731	90
733	90
734	90
734	90
738	90
739	90
742	90
743	90
750	90
751	90
751	90
756	90
758	90
758	90
760	90
761	90
767	90
768	90
776	90
777	90
783	90
783	90
784	90
787	90
788	90
789	90
791	90
792	90
797	90
798	90
800	90
800	90
800	90
801	90
801	90
802	90
803	90
804	90
804	90
806	90
809	90
815	90
816	90
816	90
819	90
820	90
825	90
825	90
826	90
829	90
830	90
832	90
841	90
844	90
852	90
852	90
852	90
856	90
857	90
860	90
860	90
862	90
862	90
866	90
867	90
873	90
874	90
875	90
881	90
882	90
883	90
899	90
900	90
900	90
900	90
900	90
901	90
902	90
903	90
906	90
908	90
908	90
908	90
910	90
910	90
919	90
921	90
923	90
931	90
935	90
938	90
939	90
941	90
943	90
944	90
950	90
950	90
951	90
952	90
955	90
956	90
957	90
958	90
960	90
962	90
963	90
965	90
968	90
969	90
972	90
975	90
978	90
981	90
983	90
984	90
986	90
987	90
989	90
990	90
990	90
991	90
998	90
1000	90
1000	90
1000	90
1000	90
1001	90
1008	90
1012	90
1013	90
1014	90
1016	90
1018	90
1019	90
1020	90
1020	90
1030	90
1033	90
1034	90
1036	90
1037	90
1037	90
1042	90
1045	90
1045	90
1050	90
1056	90
1060	90
1064	90
1065	90
1067	90
1069	90
1074	90
1075	90
1076	90
1079	90
1083	90
1086	90
1090	90
1091	90
1094	90
1096	90
1096	90
1100	90
1107	90
1107	90
1110	90
1110	90
1115	90
1115	90
1117	90
1121	90
1121	90
1123	90
1123	90
1130	90
1134	90
1141	90
1143	90
1146	90
1149	90
1150	90
1150	90
1150	90
1151	90
1157	90
1160	90
1169	90
1169	90
1175	90
1183	90
1187	90
1188	90
1189	90
1191	90
1191	90
1197	90
1199	90
1200	90
1200	90
1209	90
1222	90
1224	90
1224	90
1228	90
1244	90
1249	90
1250	90
1250	90
1255	90
1256	90
1256	90
1258	90
1267	90
1269	90
1270	90
1274	90
1274	90
1282	90
1291	90
1294	90
1296	90
1298	90
1300	90
1300	90
1300	90
1302	90
1306	90
1306	90
1307	90
1308	90
1308	90
1310	90
1312	90
1313	90
1317	90
1318	90
1319	90
1320	90
1320	90
1332	90
1336	90
1338	90
1339	90
1340	90
1350	90
1353	90
1353	90
1357	90
1359	90
1376	90
1380	90
1383	90
1387	90
1391	90
1399	90
1399	90
1400	90
1400	90
1400	90
1410	90
1411	90
1415	90
1417	90
1418	90
1420	90
1422	90
1423	90
1432	90
1438	90
1441	90
1443	90
1446	90
1448	90
1448	90
1452	90
1467	90
1471	90
1473	90
1477	90
1479	90
1486	90
1489	90
1500	90
1500	90
1512	90
1516	90
1518	90
1526	90
1534	90
1542	90
1549	90
1558	90
1560	90
1561	90
1567	90
1575	90
1584	90
1586	90
1595	90
1600	90
1600	90
1602	90
1603	90
1611	90
1613	90
1621	90
1624	90
1628	90
1644	90
1648	90
1649	90
1650	90
1650	90
1654	90
1664	90
1664	90
1666	90
1673	90
1683	90
1700	90
1703	90
1704	90
1705	90
1721	90
1733	90
1733	90
1735	90
1742	90
1744	90
1744	90
1750	90
1750	90
1758	90
1760	90
1773	90
1777	90
1781	90
1805	90
1808	90
1808	90
1809	90
1831	90
1870	90
1875	90
1878	90
1882	90
1900	90
1910	90
1925	90
1928	90
1931	90
1938	90
1938	90
1939	90
1950	90
1960	90
1963	90
1970	90
1976	90
1986	90
1988	90
1989	90
1992	90
1997	90
1998	90
1998	90
2000	90
2000	90
2000	90
2000	90
2005	90
2012	90
2015	90
2019	90
2026	90
2028	90
2032	90
2050	90
2083	90
2084	90
2094	90
2104	90
2125	90
2126	90
2132	90
2133	90
2135	90
2148	90
2186	90
2220	90
2221	90
2233	90
2233	90
2269	90
2290	90
2300	90
2300	90
2317	90
2393	90
2405	90
2443	90
2477	90
2484	90
2487	90
2500	90
2516	90
2529	90
2530	90
2565	90
2566	90
2580	90
2594	90
2606	90
2620	90
2621	90
2629	90
2666	90
2764	90
2765	90
2834	90
2840	90
2861	90
2871	90
2896	90
2899	90
2940	90
2974	90
2985	90
3074	90
3210	90
3211	90
3217	90
3318	90
3333	90
3340	90
3404	90
3465	90
3467	90
3500	90
3535	90
3535	90
3607	90
3614	90
3619	90
3619	90
3633	90
3645	90
3710	90
3753	90
3776	90
3779	90
3792	90
3805	90
3811	90
3825	90
3837	90
3850	90
3996	90
4000	90
4200	90
4405	90
4432	90
4494	90
4646	90
4680	90
4696	90
4702	90
4801	90
5328	90
5452	90
5905	90
6087	90
6209	90
6447	90
6470	90
6480	90
6665	90
6747	90
8309	90
8695	90
10200	90
10618	90
11035	90
11462	90
13000	90
13214	90
15703	90
16132	90
17150	90
20700	90
20831	90
25509	90
26331	90
41276	90
78537	90
500	91
500	91
500	91
500	91
500	91
500	91
500	91
500	91
500	91
502	91
506	91
508	91
509	91
511	91
513	91
513	91
513	91
514	91
515	91
516	91
516	91
517	91
520	91
520	91
521	91
528	91
532	91
532	91
538	91
538	91
544	91
547	91
548	91
548	91
549	91
549	91
549	91
550	91
551	91
552	91
553	91
555	91
558	91
558	91
559	91
559	91
562	91
564	91
567	91
570	91
571	91
571	91
574	91
575	91
576	91
577	91
578	91
581	91
590	91
591	91
591	91
594	91
596	91
596	91
598	91
599	91
600	91
600	91
600	91
600	91
602	91
603	91
604	91
604	91
608	91
610	91
610	91
616	91
616	91
617	91
618	91
619	91
621	91
621	91
622	91
623	91
625	91
626	91
627	91
630	91
631	91
636	91
638	91
641	91
645	91
647	91
647	91
647	91
649	91
649	91
650	91
650	91
650	91
652	91
656	91
657	91
659	91
662	91
665	91
666	91
668	91
675	91
679	91
679	91
680	91
682	91
684	91
684	91
685	91
688	91
688	91
690	91
690	91
694	91
695	91
700	91
700	91
700	91
700	91
700	91
703	91
704	91
706	91
707	91
710	91
710	91
711	91
713	91
717	91
720	91
720	91
727	91
729	91
730	91
734	91
735	91
737	91
738	91
739	91
740	91
745	91
746	91
747	91
750	91
750	91
750	91
754	91
755	91
756	91
756	91
757	91
761	91
765	91
769	91
772	91
773	91
775	91
775	91
778	91
780	91
780	91
783	91
788	91
788	91
788	91
788	91
789	91
792	91
795	91
798	91
799	91
800	91
800	91
802	91
805	91
805	91
810	91
811	91
815	91
816	91
818	91
823	91
824	91
828	91
830	91
830	91
830	91
835	91
838	91
839	91
839	91
839	91
843	91
846	91
849	91
849	91
850	91
850	91
850	91
850	91
852	91
858	91
860	91
862	91
866	91
867	91
870	91
870	91
873	91
874	91
874	91
875	91
875	91
876	91
880	91
886	91
888	91
889	91
889	91
890	91
892	91
894	91
897	91
898	91
899	91
900	91
903	91
907	91
910	91
913	91
914	91
915	91
916	91
917	91
918	91
920	91
921	91
927	91
929	91
931	91
935	91
935	91
939	91
944	91
945	91
947	91
951	91
962	91
967	91
971	91
975	91
980	91
980	91
982	91
996	91
998	91
998	91
998	91
998	91
998	91
1000	91
1000	91
1000	91
1000	91
1005	91
1007	91
1010	91
1011	91
1013	91
1013	91
1019	91
1019	91
1019	91
1019	91
1022	91
1027	91
1027	91
1028	91
1038	91
1039	91
1043	91
1045	91
1047	91
1050	91
1050	91
1050	91
1052	91
1053	91
1054	91
1057	91
1064	91
1066	91
1072	91
1077	91
1080	91
1081	91
1082	91
1083	91
1086	91
1090	91
1094	91
1097	91
1100	91
1100	91
1102	91
1102	91
1103	91
1104	91
1105	91
1109	91
1113	91
1113	91
1116	91
1127	91
1135	91
1136	91
1137	91
1138	91
1140	91
1140	91
1143	91
1148	91
1148	91
1165	91
1167	91
1173	91
1173	91
1174	91
1176	91
1193	91
1200	91
1200	91
1200	91
1203	91
1203	91
1206	91
1213	91
1214	91
1216	91
1218	91
1221	91
1225	91
1227	91
1230	91
1237	91
1240	91
1243	91
1250	91
1250	91
1253	91
1258	91
1262	91
1262	91
1262	91
1272	91
1282	91
1290	91
1300	91
1300	91
1300	91
1300	91
1300	91
1303	91
1305	91
1307	91
1314	91
1318	91
1318	91
1320	91
1340	91
1342	91
1345	91
1345	91
1345	91
1357	91
1368	91
1371	91
1372	91
1374	91
1375	91
1376	91
1393	91
1395	91
1417	91
1420	91
1420	91
1423	91
1424	91
1426	91
1428	91
1434	91
1437	91
1447	91
1449	91
1452	91
1453	91
1455	91
1470	91
1478	91
1486	91
1491	91
1500	91
1500	91
1507	91
1512	91
1514	91
1518	91
1520	91
1529	91
1533	91
1537	91
1538	91
1538	91
1545	91
1546	91
1552	91
1559	91
1561	91
1570	91
1577	91
1581	91
1590	91
1593	91
1596	91
1601	91
1601	91
1602	91
1616	91
1642	91
1642	91
1664	91
1678	91
1688	91
1688	91
1690	91
1692	91
1698	91
1703	91
1709	91
1721	91
1722	91
1729	91
1738	91
1757	91
1763	91
1770	91
1772	91
1775	91
1777	91
1800	91
1810	91
1815	91
1850	91
1863	91
1874	91
1899	91
1900	91
1907	91
1915	91
1918	91
1928	91
1930	91
1933	91
1942	91
1957	91
1963	91
1966	91
1976	91
1977	91
1981	91
1984	91
1991	91
2000	91
2000	91
2010	91
2010	91
2014	91
2014	91
2039	91
2045	91
2049	91
2053	91
2058	91
2072	91
2075	91
2079	91
2085	91
2100	91
2100	91
2106	91
2129	91
2129	91
2131	91
2132	91
2134	91
2135	91
2146	91
2148	91
2187	91
2189	91
2199	91
2200	91
2200	91
2223	91
2238	91
2240	91
2249	91
2252	91
2258	91
2267	91
2272	91
2284	91
2305	91
2321	91
2323	91
2367	91
2369	91
2374	91
2378	91
2393	91
2450	91
2458	91
2460	91
2480	91
2494	91
2500	91
2500	91
2505	91
2514	91
2524	91
2526	91
2566	91
2569	91
2570	91
2576	91
2579	91
2581	91
2600	91
2624	91
2641	91
2642	91
2646	91
2695	91
2815	91
2816	91
2817	91
2947	91
2967	91
3033	91
3045	91
3053	91
3112	91
3223	91
3284	91
3349	91
3430	91
3446	91
3456	91
3465	91
3482	91
3517	91
3581	91
3723	91
3758	91
3851	91
3858	91
3935	91
3980	91
4065	91
4108	91
4135	91
4166	91
4184	91
4245	91
4333	91
4335	91
4355	91
4395	91
4604	91
4630	91
4673	91
4739	91
4781	91
4811	91
5150	91
5151	91
5333	91
5360	91
5501	91
5515	91
5670	91
6008	91
6120	91
7190	91
7195	91
7398	91
8000	91
8041	91
8154	91
8247	91
8506	91
8532	91
9194	91
9384	91
10158	91
10505	91
11570	91
13827	91
14595	91
15000	91
15092	91
17010	91
35086	91
49692	91
500	92
500	92
500	92
500	92
500	92
500	92
500	92
500	92
500	92
500	92
501	92
501	92
502	92
503	92
505	92
505	92
506	92
507	92
508	92
510	92
512	92
515	92
520	92
522	92
523	92
524	92
526	92
530	92
530	92
535	92
536	92
536	92
536	92
537	92
539	92
539	92
541	92
543	92
545	92
545	92
549	92
550	92
550	92
550	92
550	92
551	92
552	92
553	92
555	92
557	92
560	92
562	92
563	92
565	92
567	92
570	92
576	92
576	92
577	92
578	92
579	92
582	92
586	92
586	92
587	92
588	92
588	92
592	92
592	92
594	92
595	92
595	92
599	92
599	92
600	92
600	92
600	92
600	92
600	92
604	92
607	92
610	92
610	92
617	92
620	92
621	92
625	92
626	92
626	92
628	92
629	92
633	92
634	92
634	92
636	92
638	92
639	92
639	92
642	92
643	92
644	92
644	92
645	92
650	92
650	92
651	92
653	92
656	92
657	92
657	92
658	92
658	92
660	92
661	92
661	92
663	92
665	92
670	92
672	92
672	92
673	92
675	92
683	92
687	92
688	92
692	92
693	92
694	92
695	92
700	92
700	92
700	92
700	92
700	92
700	92
700	92
700	92
701	92
705	92
708	92
710	92
711	92
712	92
715	92
716	92
723	92
723	92
724	92
724	92
725	92
726	92
730	92
733	92
734	92
735	92
738	92
739	92
740	92
744	92
749	92
750	92
750	92
750	92
750	92
750	92
751	92
757	92
757	92
761	92
770	92
770	92
775	92
777	92
779	92
780	92
782	92
783	92
790	92
797	92
800	92
800	92
800	92
800	92
800	92
801	92
805	92
806	92
808	92
808	92
809	92
815	92
817	92
818	92
820	92
821	92
821	92
827	92
827	92
830	92
834	92
837	92
838	92
840	92
842	92
850	92
850	92
850	92
850	92
852	92
853	92
856	92
859	92
860	92
860	92
862	92
864	92
866	92
868	92
869	92
871	92
875	92
878	92
883	92
883	92
890	92
892	92
900	92
900	92
900	92
902	92
905	92
905	92
905	92
907	92
908	92
909	92
909	92
911	92
912	92
914	92
915	92
916	92
917	92
918	92
920	92
925	92
929	92
930	92
930	92
930	92
933	92
933	92
943	92
943	92
945	92
949	92
949	92
949	92
950	92
955	92
956	92
957	92
958	92
960	92
964	92
968	92
969	92
970	92
970	92
975	92
980	92
980	92
980	92
988	92
989	92
991	92
991	92
993	92
994	92
997	92
1000	92
1000	92
1000	92
1000	92
1000	92
1000	92
1000	92
1000	92
1006	92
1012	92
1013	92
1014	92
1015	92
1018	92
1020	92
1020	92
1023	92
1026	92
1028	92
1029	92
1033	92
1038	92
1039	92
1048	92
1050	92
1055	92
1056	92
1060	92
1060	92
1061	92
1071	92
1072	92
1088	92
1089	92
1090	92
1092	92
1100	92
1102	92
1106	92
1110	92
1111	92
1116	92
1118	92
1118	92
1121	92
1125	92
1128	92
1132	92
1138	92
1139	92
1145	92
1158	92
1159	92
1166	92
1168	92
1181	92
1182	92
1185	92
1192	92
1200	92
1200	92
1200	92
1202	92
1217	92
1218	92
1224	92
1225	92
1228	92
1237	92
1238	92
1240	92
1245	92
1247	92
1250	92
1254	92
1254	92
1276	92
1281	92
1285	92
1286	92
1286	92
1292	92
1294	92
1300	92
1300	92
1303	92
1310	92
1310	92
1314	92
1325	92
1335	92
1350	92
1350	92
1359	92
1372	92
1376	92
1379	92
1384	92
1386	92
1387	92
1390	92
1400	92
1400	92
1400	92
1405	92
1408	92
1411	92
1413	92
1427	92
1441	92
1444	92
1445	92
1447	92
1457	92
1457	92
1460	92
1468	92
1471	92
1472	92
1486	92
1498	92
1500	92
1500	92
1500	92
1500	92
1500	92
1502	92
1510	92
1516	92
1525	92
1527	92
1528	92
1528	92
1530	92
1536	92
1541	92
1544	92
1545	92
1557	92
1562	92
1579	92
1595	92
1596	92
1596	92
1598	92
1600	92
1607	92
1610	92
1618	92
1625	92
1649	92
1664	92
1669	92
1672	92
1673	92
1675	92
1688	92
1716	92
1716	92
1724	92
1726	92
1740	92
1750	92
1750	92
1752	92
1775	92
1790	92
1794	92
1799	92
1802	92
1811	92
1820	92
1823	92
1823	92
1831	92
1835	92
1839	92
1863	92
1864	92
1872	92
1878	92
1879	92
1880	92
1882	92
1889	92
1911	92
1924	92
1927	92
1945	92
1953	92
1978	92
1986	92
1991	92
2000	92
2001	92
2007	92
2017	92
2027	92
2034	92
2051	92
2058	92
2064	92
2080	92
2083	92
2093	92
2128	92
2176	92
2195	92
2200	92
2201	92
2208	92
2210	92
2212	92
2245	92
2250	92
2250	92
2252	92
2264	92
2279	92
2279	92
2299	92
2307	92
2315	92
2348	92
2353	92
2359	92
2362	92
2393	92
2396	92
2412	92
2415	92
2460	92
2482	92
2511	92
2515	92
2525	92
2530	92
2598	92
2625	92
2638	92
2640	92
2651	92
2672	92
2676	92
2700	92
2715	92
2717	92
2727	92
2736	92
2741	92
2783	92
2806	92
2870	92
2891	92
2921	92
3002	92
3011	92
3024	92
3034	92
3045	92
3050	92
3064	92
3069	92
3079	92
3112	92
3152	92
3237	92
3325	92
3350	92
3368	92
3410	92
3511	92
3545	92
3550	92
3582	92
3636	92
3683	92
3700	92
3814	92
4025	92
4042	92
4157	92
4198	92
4202	92
4291	92
4291	92
4361	92
4405	92
4590	92
4669	92
4757	92
4800	92
4830	92
4863	92
5105	92
5163	92
5185	92
5214	92
5287	92
5600	92
5616	92
5769	92
5776	92
5928	92
6595	92
6696	92
6812	92
7141	92
7152	92
7348	92
7586	92
7725	92
7827	92
7924	92
8820	92
8900	92
8920	92
9159	92
9248	92
10249	92
10396	92
10957	92
11292	92
11399	92
12382	92
12774	92
13000	92
15000	92
15298	92
22669	92
27373	92
35246	92
44701	92
49753	92
102438	92
